198
10011111100111110111001011101011101101110010110011100011110011000001011100101010111101010110110001010011001010111001000111011010 11010110001001011100001000010011100110000000101010010011100011111110101011100001011111011000100101111110101010100001101001000100
11011100100111001001001001111011001000110100010100101001000100001110101100111001011001001101001110000101011011110111101111111000 00110000111010010001101011100000010110100000000100011100111101011101011000011001000101100001111110100101001000000110101001000011
01111110010100001010010101000101001111001110000111110010001001101000111110011000111110111110010111111101011001100001101010110001 11001101100011101110000000011101001110110011111100100010100100010100000001010111001101100010110010111000111000000101010000101110
00110100101111101010101011111001110100011011110101001001010000011110111111010011111000010010010111000110000001110111100101101110 10010010011000010101000000011100111000101010100011001100110010101010110011010110000110011010100100010000010001001001011111001101
00100110011110111000010010010000100011001100001011110100001100111111010101010000011011011011101110010000001011111000010000010011 10000110100110010101111011001010000110110101001010000100100101110100101000000100010000010011111100101100101111011010100110011110
00110111011110111100010001111111110001110010101011100011010101001111110110001001111101111101000101000100001010000111010001111001 00111010100001111111110110100100110100111011001110111011001000000110011010001110000111010101111000101101100011000000011111000110
00011010001110111100100001011111011111001111111011010011101001110110110110100001010101011110101110110100100010110011011111111111 00000110011001001110011100101100110000111000010000010010101100110001010001110100101011000011111010110010110000110000000100011000
10111011011111011010100000010000000110010110111110111101111111110000011000000001111000100101111011101100010110001101011001010001 11110010011100100101000010100111111100010111111111010000001010001101010000000111110001001101110010011101000001010001011111100111
10101110001111110011011110100110000101010001111110011100001010110000101111010101101110110111111101100100100110111110101110110010 00100111000010001100110101101110101100111100110111101000110101010011100101000110011011000010010011000101011011010010100100110111
10011111101001101111000010000110111101110010111100000010000001001101011101011101110110100101000111100000111111100001111100100001 11000110011001000001110011000001111011001011010001001011100100110010000101110111100111001001110111000001101111111011100001100011
11111000010011010111110100110010101111000000001010111110000111000101001010111111110100110001000100110101111111001101111001011001 11001100000001100001100111000111000110001000110101110110111110110011101101111011000111111110001000001010011101100101111011101011
00101011110101111101010110100011101001111111010010110101000011000001100001110101100010000000000010001000101100011001010000000001 10001010100101011111101110011011111111001000001011100110110110110000010100011111001110110001111100010000101000101011110100101111
11011010111000010101100100010011100010100101110100011010000101110111011010011010000111010000101011011100100010000001001011101011 11000000011001111111111111010110011011110110011011010000101101010100010010101110101011101101111011100001100000010110111100000100
01100101110010011010011010100111011001111010011001011011100110110010110100000000010111001101111001001011101011000110110110001011 10110011001001000110001111011110011101001010011001010011001111110110001100001000001101010000010100100101011111111101000101110101
01110011010111001000101010000111001100000010010010110101011001010111001001101001111001100110110001000111101001101100011100111101 11000111000111111110000111111111101000011111011101001011110010011010001101001101011001011100000101011101110111010111110010011111
00100110011011000011110110101000100111011101101001011011010011011000111100110110101010100110010010110000011010101011101100000111 10111010011111111111110010000000110011011001010101100100110001010010010101111100011101001010001000001100111010101110100100000111
10011101101010111001001011001111001100010000010011101110001111100101111000101110111101000010101010010110101110100010101011101011 10001000111101010100110101000101111111111100001010110111100100001001111110100010100011101010101001000110110100000001001010101010
11101011001110000111110111010010110010000000001100010011011010011110000100000011000011111000000100001010001010101011000101010000 10110100001011001001110001100110101101000111000110101011111101100001100100010011110001101011110001111011011011111010010011100000
01111000001110110001000010111011001011110001101010010101010010101011010001101011000101010000100111010011010101011110110001000010 11101111101110011000101101100111011101100010101111000010110110010111111111010101110100100011001010100011111011100101011001101100
01111000000010100010001110001100111010000010111001111001010001001010000101000001001010101000000010101011100011100110110010000001 01000101101111010101011100110001111101000101001111010101010001110010010110100101101000011000111111001011000110110000110110111001
11101001001101110001011000001101001100000100100010010100100110110001000110101011110101111000101101110000011000101100011111110101 00111011110111111001000101111000011111100100101110000111011110001100000101001101100010010110111110110110010110010110010110111110
01101111101111111111101100101101111100100111110010110101101111000110110000110010100011101000110110101111100011100011001111111110 01010111000010101110011000010001010000000011011001010100111101101011101001101101000011100110111001010000111100111101010111011111
11100000011001110000010100000001001111100110110101101111101101110110110111000000011101100111011100101001110101100101110011111001 01011100001110010111000101011101111110001110001011110001111101101101000001100110010000101111110110111101100100010100011100001101
01101001001011101010111110001110101100111100001110111001110011001111101010110111010111110100000110010111000110110010101010111110 01001011010111010100100000011010010110001110110101110011100111101100000001111110101111011100011010010001110101010101000001100010
00111010110101011111110110000111110100001111101111100001011010110011110110100101101110100101101011001011111001100011011001000101 01100100001011100001000111100101111010011100101011111000110001011010000011000010010001001110101111101111001100010110100101000000
01011110101111000001011101010100111110100100101111000010110101100011001001111111101100111111101110110110101110111111000000100000 00101000011110001110111001101001101000001000101110111101000011100100101111010110010010010100001000010111100001110110101110010111
00000000111111111001001001100110111010010100011100001101000100110101111001010100101110000000110101110111010111110101010111001001 01010111111110100101101001001110100111001110010011010110101100111111011101101101101101001011001110001100111000010111001010111000
01000000110001001011011001000100101101000010001000001010110001111100110000000010110101100101011100111111111101111001100100100001 10010111010010100101100111000101011011010101000111011000101001111010000000101011101000100010100110011111010110011100010011011011
01100110010000011100011011111000110000111010010110011111111111001101010000100000000001110110000100001111000000111010101001001101 01010101101010011000111000111111101111111100000001000010100000111010111010001010001101110000100000110110100000001011010011101101
01110001110100101001000010011000101110100011000100000100010000110001001100011001100110001010001100011100100010000101110001001001 01111010001111110010010100011100000000010100000011100111110111011100101011101111110111010100100001010010100001000010111101101001
00010101001011100110100011010111101000110111111011000110000000110111111011100010111110111100111110111100010011001001100011010011 00010000101100100100110011011010011100011011110010011011101000010000111001000011010000000110111110001111101011111110110000100001
01010101000010111111101011101001010101001001101110000001010010001110000111101000000010111101100010110011000000000010010000011110 11110001000110011011100001011001110110000010011101100001001010011100000011001000110110111011000101100000001010110100011110111110
11010011010001011000101011100000110011111110101111000101111111100010100011010010001000000110011010001101010100011100101111101111 00111011000011001100110011111111100111111111100111000011010110001010111111100000001000100100111010100010000111100101101000001010
01010100001101100101101101001110010111010010001011011000011111110001100101011101011010011101011111101011111000111001110111101011 10111001011101110111111000000101101101011101111110000001100100000101101111100110001001011010001111110001001111100100100111000000
00100001110111110100101010100111000001100011100110010001010101111110001000011101101110011111101001101001001110101101000110100101 00111001000000100111101010110110001010110001000111110010101000000000100000111110100100110011111100101101000001100000100011001101
01110101000110011110100000011010111011111011111110110110100000110101100110100000111100001010100101000001001111010110100000101101 11101111101101101101101110100110100010010001000001011001110000100011110000001111000100110111111001111000100100000110101001010011
11100100011011111000110101110111101010111010110010011100110001011111111001100011010111010000000010111111110011111000010101101010 00011000101101001110110011000001001011001000110111011000110010001010111011010011000111111111111101100110100010000101111010111111
01010011011101011010000000110010111110010010111011001110011000011010000110000001110101100100000001111110100100010001000110011111 10000111011100001111100011101001101110000011010100000101111011001010101101100011110001101100101010101111101010100100010000000100
10001110011000100010011011100111011001111100011101010011011101010010100001011000110001001000001010111111100111000110111011101010 10101011101111001110100001011010101110010111011101111111011001100110001110110010010011111010101111101001001101010000110111000100
01011011100110101001111111000110111100000110111100110011100000110001101111010000001110000111000001000011101101100011001101100100 00111111111100011110110111100111101011011011100011000011010110110100101001110001100011000000001110100011111011010100101100110100
00100111100110011000110111111010100101101110111100100001110110101101011010101010000010100010100001001000110011101001100001011101 01100100110100101110100110100111010110001101111100110010110001011000100100101111111001110111101001000111101101011110111111110011
11001001010110111111101011011101111001110101000010110000110010111011000001111110100001100100100000101001010001011000000110001111 11011110111101110101101111101111100011111100011011000001011011011001001011111100011010110110101000001101110000000001001000101101
01111110000000111010101111001001001010011010110011011100010111101101000101100001011000111110011010101110011111101111101011101101 00000010101100111010110011010000011110110101000011000101100010101111011101100010101101101001101000100111100111101101101010111010
01111000111000110010000101010011010110111100101011000110101110000111110001000100011111110011000010100101000001001100111001011001 01111110111011010000110111000111010111110001110010010110011001100101011001110100110010111000100001001111101010000110001001000101
00101100100000000110101100101001101010000111010010011100010100001100001110101101101001000101010010110110010011010011111111011010 11000101100001110001101111000000001011010100100100100001110100001010110000010110110100001001001101111110100110011101110011110011
11001001100001110111010010001111001111111111111110001101001111001011100000111110110001111010011000111010100001110011010111111111 10110000111011010111010101011111011011011000010111011110111100100001101100100001101010000101000110011011001100110110110100111110
00000011011010011010111010100001010100110011011010111110110000011101100101110111011001010001000011110011111111101001101000000111 00100101010001110011010100011110000001011010100011000011001100110001101101001011101010100101000101111001111111111010111000000001
01101110111110111000000010111110001000101010010001111100111000110110101001010100010111111010010110011110100001000111000111111000 11101010010100101111010000000000011101000101110101101100100011010101011010110101101100000010110011000010110001110110101111011001
10011000011101000000000101101111011110001101000001011101101110010110001011010101110011100101011111110000110111011110101010000001 10111001010110100101001101100110000001001111110100101101101010000010010101001101011101111101011110101100101011000111011100010001
00001100101110110001111011110001011000111101011100110001010001110001111010000010101011010100111101000111111011000010101010101101 10100000000001011001001101101101010101110111010011011101000110110110001110101110001001110001001001000101101100101001001110011001
01111001010100010000010010010101110000110101010011010111001001100011001110000001100110000010001111010100101100011101000011001100 11111101111011101010101100000010001011001001010000110111101001010010011000001000111011111000110000000101101010111111111100010001
10000100110010100111001001000011101011000111100100001000001111100111011001101011000001101100011111011111000000111101111101011010 01110011001011110110001011011010110010000000000111110010001101100100101011001010011110011101011011010101001010101110111010110100
00011000011110001110110000010111110001001110010010011111000111000011000011101110001010010000000010111010001000110101111001000001 00011000011101011010000010101111000101100010110000001001010001101001000000100111010100110011101000000010111100011011011100001000
10000001110010010101101110100111000011001001001110110111010010000110010001000001010010010111111111010111011111101010011101001101 01011100011000010110111001011100000101001101010111001001100011110010000010001101000101011001011101010001000110110011101001000110
00011011110110000000110000101010110100100110010011000101001110110110101100110101101111100001000111111010110001110110110010100001 01100011100001111110000110001011010001110010100111101011100001101001101010011101001110111000011100100000101101000100100111110011
11100110101010010101110101001001100010100010001001111100101011111111010100001010101100001010110101001101001001101010111111100100 00000000100010000101001001101101101001101010001001111101010011001101110000110110001010100010101010100100111011011100010110100111
11101000010100011110111101111011010100110110111001110100000000010101111101110011111001010000110111010001000100110110011000000101 01010001100101000001111001101011000110100011101100111100010110010100101011110010011101100110001000001101001111010011101100001001
11000001010110111110000000100101110110101001010010011110100001000001100101111011101001000010111101110101010011101000010110110110 01100100000001001100010111010000000010101001010010010100010011110011001101010100010101111101000001100110001101110100010111001100
01100011110100010010010100100001100001001011010100001010101110000011101000100000100000101001011010000101110101001000111101101111 11000001110000000011101101010010101110001100011010101110001000100110101000101000101001111101010111101111011111111110101011111011
11111001000011000111011100101001101000111011011110000100010111011000110101101100010101110010111100110110100001100101011100001100 11010000010110101111100010111001101010000011101001000011100010111110011101101111011000110111001101010110000100100011010001000001
10000111101100011001100001101010111000101101101011101101011000010110000110001110100100100001110111011100100011011110101000101001 01111000011011111100100101111011110011101000111100100101000100010000110101110100101011011001011101110010100100001000010000110010
11100010100110100100000101101001011110110111010001110111110110001110000101111001001110001010110101101000001011100101100111001111 11010110000000010010011001011010000001001110100110111001000101001000101010000001100100011011110001000111101111010111011000110111
10011101000110111100101110111100010111000010111001111101101010000010101100000101010110001110101111011000100100100011001000111111 11011011111000110100011101010000110010100001110110101111010010100001010110110001011100000111110111001001010000001111101100011101
00101010001101001000100111000011010111100010111100110110110101100011001011011010001010111101001010010101111010011101011100111000 00000101001101100000000100100010111110011001100000100111011101011111101011010111000110001011001011000110000110111111110101010100
01001001110110110000001100011010000110101111110001010000111100011010001101101111001000111100100111101110111100010111001100001000 10111001111100011010101110110000100010001100010111100000111111001100100000110101001111001111100100100000010111101000101011111101
01010000101001111101101110010000101100011001010011111011001010101101011101011010000111001000010101000010111000110011111101111000 11011001111001000100110000000111111011110001001110110001000111000001110010100100101000100110110100100000100100001011011011111110
10000101101011001101000001110000000110101010110001101010000101110001010011010010110100001111100011010010111001101111111000110011 11010000000000000100010100110101010100011011010100011101000011110010110011101000101010101101010101011000001101010100100111111001
11010111011111110001001101110011101101000111110110001111111010111001111011110101011011010111000110110100001110111100101101100101 00011011111101110110011001001100010100110000001101100000000000000110001101101111110100100110000111010000101100010000100011101111
00011000110110101110001101100011100101110000111110110101010110101000000101000000111100000010011010110110011001010111111000101111 00010000011011110111001100011100100110010111001111010000011001000011000110110000100100001010011000001010000011000100110110001000
10110010101101110010011001111101111011100101011100011101101001100001001001100101100100100110111011100111111000110000100110111010 11110100110010000000000111010001000011110100110001111110011000010000011111110011110010100001110111011001001010110000111111110110
00110010101001001111101000111001100000110001110111100101000111000100000000110001011010110111001011111001110001111011101111010011 11001010010001011011111111111110010000110011111001011101110011001100110101100010010101010010000100111111101111011110001011001000
10000000101001000101011110001000111101000001001001101001111010111010100111111001110110010111011111111101111101001110011000010110 11110101110010000000010111100011100101010111001010100001011011110111010101001111101011101000000101010011010011101001111111111111
10111010001011001011110101010110011101100111000100011001000011011101101101101111000000111101011101111110000101001100111000110011 10111111011011000011011100001101101001100101001011010001011011001101000010100010011010010000101110111000110111010111110101111011
01011100011000110111111011001011111101011100101110001001100100101001110100001101010011000011000111001111010001100001100100010011 11010011011101110110001111101010001101011101000011100000011000000100000110111100101011010010100111001000001010100111001101010000
01001100011001110010111111111100001011010100101000111100111101010000101010110011110111000011000010111011000101110000101101101100 00110111011110011101011001011011000011001100000011110001010010011001000001000000011101110101101000100100110010010101111110010100
10101011010101000000100001110111100100110010110100000000010100100010010000001101101000101011110011010001111000001010111011010001 11100000100111110010011111010101111111001011010001101101100010001111000100011011110111101101011011111111100011000101101111001001
00111010011100101001100101010000110001110110110000100000001001100001010000001110000110111011000010000100100100011011010011111111 11011101100001110100111111011001010010011001001010000011010000100100110000111010100110110101000110101000011110110111101010101100
11011100110010110111001010010111101001100110001111000010011001100111111011100101100111011110110100001001100111110011001001101001 11011001110100011001111011101101010110011011010011111110100101101101011001000110001000101101110101100000010011000010111101010001
00100010000110011010110111111111110000000001011010100101001110111101110111000010011010101100000010000011011101011001111100100100 01001100001101010111000000010010000110010001010111000010011011111010110000110101110000011100011010110010011001111000000001110011
01000100000101001110100000101110110001100111100111101011010100001101000110010010000000101001101100000001101111101011110011101101 01000101001010110111010111100110011101010110010010001000010111000110111101110110101101000001000011010101101000001101010111101011
00111110010000101000111000010010100001011101110011010100111001000101101100111000110011110010100111011011011100011010001010111100 10010000001101011001010111010100111101100010010100001011001101010100100001011001100000000100011000001011111111100010100110111001
00011011000001001111101110010001101100110100101000101101011000010000101010100011100110000010000010110100011100010010010101000001 00101110001011000100000011001001001110100001000101100000000101110000100100011011111001011111101111110000110001100111111000111101
00001101000000110001010110101001011001100111111010011101001011100000111000110011110000110010001100010101110101110101000000011100 11010101011100000101001000101100110110101000011010010000011101000010000111111100110011100101011100001000101110101111101111101101
10111110111011011110001110110100111101111111000101010111110000001100110110111000011000000010101100110100110100110111000100110110 00011111011000111110111001110000100010010101110001001110111001010100000000011100111101001110110111001100001001111000100011000010
11001010100111001010110001011110111111000010011000110110000010010010011111000100000001001111100111000111000000010001011000011011 00101000010001110111101011100011000101110000010000001000010110011101010001000110100111000110101110100111101101100010111010111001
10001101000011011010000110111111111100111100100011000111101111101111001101000100101000111000000101010111111110001110001000010111 01011111101111110011001101100111001011101011111000000000101111110101101000101011001001001010000011101001011000101001100000000011
01000000011110101101111001000011010010010110101101110010111110010101100000110111001111010111010011000011010101001000011000101011 11010001000111010011001101010010011001111000000001111100001100100101111011000110001110001110100101000101100101010010100010000110
11101011010000110000001011100010110111110000010010000101001110100000010010010001000111110111111111101000011101100101010101011110 10011100110100111011001010011001001100100110101111101011011011110010101011100000010100010110011011000000101000100001000011110011
00110010000001101111100010100100110110010000011101100001011101111110100000000110001101001110101000101111110110010100011111011011 10101000101011110100000000001001000110001111101000011000000110001101110011010100011101111000100011011101110000000100000111001010
10001011100100010010010000110111011100100111000000111100101000101101100110010110011101010111011000011011010011000001101010100010 11011001100111001001000100101000101010001010111101010000101001111001101111000110101011011101110111110001011011100101100011011001
11101111001111001100011110111100001011100000010110011001110001100101101001001111010010001111010011111011001001010110100110110111 11111111000100001100101110010111000101010101001001001010101001111101001100001011000000110001001000000010111100111000100110100110
11110100101100110110101110000001000001010001111011111000110011000011011001001111110010000110010010111010111011100010101001011111 10010011110001111101101011100100001100010001110000111100100111100011100101100100000110101110000110100010101110000000010011011010
10011111010010111110001011101101010101111100000011111011001100010110111001101000100111111110011001001111100010001111001110111101 10111001001110101000101101000001110000011111110111011110110001000100101000111001101000111111001111001001101001000000001011110101
01110111000110000001101101111100111111001101111001001100001010010001110111001100010111010111000011000011101100101101111010101111 01000011111001001111100110001010011101111001001001101000110010011100001010110010000010001110011110110111111101000011100110111110
01101101100100100110010010011010110110100000111111010101001111111100001010010110000011001100110110111011101000001101110100110010 01101000111111100111110001111010110010001011011110001011010011110011000001100110110111000100001111110100110111000111111101100010
10110100100011101101011110100001001100111111011011011100011011100110010110001111001100101110101000111110010101001100111100110111 00111100001010110110001100100000001000110100110001010110001000111100011101101100011111000111101110011110010111100001011000011110
11011111100101101101000111000011001000100110011100110101100110001011001010010101111001000100001000101111011010000110100011110111 00001010000110100011011110101011000111011100011001110110110000101110000011000100101100110010101001110011101000000100001101100110
00101001100111101111011100011110111111010111111010000110001010111110111010100101001001010000011011011001110101101101110010000110 11111011100011100100111111111100000011001111111001111011101111111000000011000100010000100101100110101001001010010001000100100100
00110011011111110010111011000110010011011001100011001011111100000010011111111010000011010010001010100111011101100011011010000101 10101100011001101100110010100100010111101010101011110101110010110000110000101010100001001100000111101110000010100010100001100111
11010010111000010001100010111101100000000001001110001010100111001010110101000100110000101001010101101111100111010100100111010100 10011101011011111001000001100010100111011011011001101110101011011010110010101101010011000011000011110011001010111110000100001110
01000000100001110010010100010100011101110000101010111100010001011000001001100100011100001010111100100000011101100110100001110001 11010111001011010100000100101101111010011111101110001001001111011001101110011101010111110001001111111010001110110001001110110110
00001011111111110110011000001000000010100000101000100111110001000101010011000000000111100001001111111110101100101011101001110000 01100001110111100100110111111010010110101000001011111010111101100010001011111110101110000100111101000001000111001001000101101110
10011000111111000110001011001010001101111001111110011010110101111110001101010010011000101110000010100101100000011010011000010001 00101100001000011100110010011101010111111011011001011001111000000111100011111101111011011100101000001111101011011100011110100010
11111000100111101001000111111000110001010000111011100000101011101110110011111000011000100010000000011000010000111110001010111010 01000010100011010000101101000001011111010010110101001100010011000010111001100011101001010010011010100110011000001110111111011100
01111001010000001101000100100011010000101100000111110010101010001000100011111101011111001000110000000010110101110110000110010111 01111000010110011110101101101000000000101011010101001110101000111110011001100011111101000011101010101111001001000010000011000100
10010000011000000011110111010100000011111011101001110000101010001110111111011000101110101101010001001000101101011111011010011100 10010111101001111000111100010111111010010100010110010011011010100011001111110101100100110001001111100011010001111010111001010101
01111110000111000110111110000001010010101100100110010011011000001110100100011001000110011001100000001000111000011011011110111011 01001100111110010010000001011001000111111101110000100001100101110110000001011010001011001101000111001010000101101111001101101000
10011001100100100001111010100111011100100010010111011011001100011011101100001110111100001110011010101101001100011010001100010111 11111100001101110000111111110110101101101001100000000100010100010111000001010100100110100100001111001100011011101011000001010101
11111010101110010101011101000100011100101011000010001111001110010111011010101001100010011010001010000101111111011001010100000100 00101011010110010100001001101100110001110000110111111100000000011101010001010010001011110101110010001110001110101010110010001000
10010011101011110010010001101011111101100001011100010001110010111101001100001000010010000101010110010010110001101000111011100010 11100000100011110000011101011011111000001101110000100000011010001100111101100000111000110001110010011000001100011100110111111110
01010100111111111101001111011001011011101000011110111100001010011101001011011100111110011001100000111000001101001111010000100001 00110101010000010001010111111000101000000001010011010101100110110110101011101101010111101001001010101011010010111101111101010100
11111000000010011000110111111110101011001010100011101001011011000101111000101100110110110101111001010111001000101111110011001010 11010000011011000010000111010010101011101110010101101100110110110001111101110000100010001000100001111110000101001011011110111011
11111000000000100001110101111011010100000110011110011111011110101000110011000101001110111000010110011010101101101011011111011000 00110011000100000101011011100001100110101100110111101110000001011110111010110111001111110100010001100000101001100100011110111010
01011011101101010000111100110010111001001111110011000000111001011000001001101010010110100011100110100101000010100110000011011000 11110011001101010110010111100100001001111000001010011100110000011011000100111110011100100010001001000100100111100001100011100111
10011100010100000010111110110110101101001001000100000010000100110100101010101011100001010100110010000101011010100101011101011011 01001000101111100101110011000101111110111110001100100100011100110000101011011110110110010010110111101001100000011110011010010110
11111001100110111110000011010101000110110000101101001101101000111011010011110111110010001010011010000011010000111100011110101101 00000101110001111010110011111101110000010011101010011010010101101001010001101111011011010001101111001011111101111001110111010011
01111100011101110000110111110110110111111011001000100110100101000010011111011101110100011110110000010001100000100101111000110001 11101001100100110010000110110001000011111111100111010100100110000000100100011000111011100000101101001111001110000110101101100111
11100101100110011110101100110000111001001111010101010001011110000011100111000001011000100100011101101111101100101010011100110101 11111010110100011010000110101001111001111011100001000100110100111001101100001111000000010100101111011001110010100111101000111001
01011000110011101111110000110111101111010011101000010000011000000101001001001111101100110101011111000100100010000100011110010000 00010110001000000001111110011101101001110100111110010011101010011011000110110100010001111111100101100110100001101000110101101100
11001011010010101110010010101000111010101111110010000110100000100011000010111101111100010111101100010100101111010010010100011100 01100100101111010010000001010100010010010011010111111001011001100011110011101110011000011111010001101010100111111101011110100110
10100010101010000001101010100111010111111010100010111000111101111101011010100110011001101100000010101101110110101111010100011000 11110000110001100011100011101011010001010111101100100100111111010110100011101010000010010110110010110010011110000110111100011111
01100110011101100000001101001111101110010011011100000011101110001010111000110001010000000101001100101000110001111010000001101011 11111010100001010011110110110011000110101000101101110000011010101111111000010011100011011001000100000100001100010101101111100001
11111010001110000000000101000110100011110100010000001111011001111110111101001100110010110110101111010000111011001101010000100100 00110100010111100100000110100011010111000101001001011101000001011011010101000111111110100110000001010011100111111111001111000011
10111000000111101110010011011001101000111110111100000001111011010100010111101101010110111111000001111011000010000110100010100010 11101000011101111101001001100110011110111000001000011111010011011110111001010100101101100010110111111011110100100000000101000101
10010010101111111111111010010000010001110010011000001100011101101001111011111001001010100100001110110011011110101001011010101010 01011011111111110000000101110001110011011100101010111101000111001101101011111101110111110010010110101011011001000010110110000110
11001101100100000111000011010111101011110011100011011010001010000000110101110101001010000000110001001100011011111001110110010100 10110110101001011001110011001100111111010110111111011111010100010000011000010101101011111000000110100000110100101100101001000001
00111100011111000001111011000110111001110000011110010110000101011001111100000011011010001111100010010111111000111000100011001011 11010011011001001110001100010011111011110110010001101100110101010111111001000110110111111111000111100010111100111011001011001010
00000110001101010011001001001001010011011010001110010110001100101111111000100111111100011100000100111101111001001010000110110000 00011000111000111111001101110000011001000110100000001100100010011100111010000000000000101011010111000110001100100011000111001100
11011001110101000110001011011011100111111101111100001011000001001000111101100111000010110110110110100110110111110011110111000001 10001010010100100101001000100110000011111101100000000101000101010011101100110000000110100000010011011101011111001010011100101001
00111110001001111000001110001011101110110011111110111010010011010011111111011100000010100011111010110100100101110100110101010110 00101111011110100000010110010110111000010110111110111010000101010000101011101011111011111000000000010110111010000001111111100110
11011011111011101001011111111100001100111010001111111111100001010001010100001000101101110110010001001111110001111100101000111101 10111111101111110101110111110001101010010110101111101111010111010110000011010000111100011100100110101110000111101001111000100000
00101110011000010000000010111000001101100011011110100001000110101000000000110100101000011101000111011011100010011100100101001111 00010000100101110010101010111101110001110001010000110001111001100101001101010010010011100010111100111101011111011010000000000111
00000010111000001001011001011000100001011010101000001110010000000110101111110001011001101011101110000001001010110000010110010000 01101011011000001000101110111101001010111111100111110011000110011011100000101001001011101011101011110000100101101111110100110100
11101010100111111111101111101001010011110001010011111010010001100000100111010010000111101101101000100110111111101100110100100010 00000000001100100111110110101011001100011100010110100000110101111110001010111011001010011010101000011101101101010110110100101010
10000111110000100100001111011100010100000101101100110100000000001001001110110001010001111011001110101110110101011110000010011001 00110110101000010010011001011001100111010100101110110001011110001101100010000101011001011001000010000101001001010000010011111111
01101001100011100011101011011101111100100001101100010000010001111001110000111010011101010001000111101000000011011100000100101101 01010110001110100101110001110101011101111110101011010111111011001101011011101110000001111111000000010001111101001111001010000100
01100100010000101101011001000111001110101101000000010100010011100000100010101000100110011011111000100011111101100000000110110101 00110110000011010100111000001101001101110000000001000100000010111010001000111001101100000010010011100110001001101111000000101001
11100100110001010111111011000101101100111001110001001010011000110110000001111001000101100101011100000010000111110000001000001001 01011001010000110011100110001001000110011011111100100010101000110000010100111010001101111100000111011010110100110011101000011100
10110000100100101100100011000000011000101100101010001011101111111100000001001011010000000110011011110110010000110111000000000100 00101010111101000000100100011100001101111101000110101000100010101101001101001100010100011101101001110001010011111111011110000000
11110110111001100010100011111001011111001011001111110001011101110101001010011100110100010000100000100001101110110011010110001110 00110101100111000110101110111010001110001010100101011011100101000111011101100000101110100111100110001111011100110001001011001100
01011011111011110001011110100111101111001010111001101100100010000010110100100111011000000100010001010100000101110011001011111011 01101011111111110000011111010100010010111001001000010101110110111101001000101100010111100100101101010111100001111110101000110101
10101011111000000101111101100010111011100000110010011011010100100100110110011100100011110011101100100100010111011000100101010000 10101101111010100100100101110000110010101000111110100000110110010010011110110001101000101010100001011000000110001010111111101010
00000001011001010101101001010010010011101110101010100001000011011000111100111101001110011001110111110111110000001101000101011110 10101110010011010011110000011111100101100110101011010100101000100111111001100100000011100101011100000001110010010001110001101010
01101111110000001001001000101000011101001111100111100000110101001011110111111010110000010010100100011101100101111000111111000011 01100010100100100010110010000101111000110111000101111110101101111101100111010110000001100101010010011001101011000111100111100010
10011001000111110001001001010000001010000011111000111010001101011010100111000101001101110011000101001011100111000001101111100101 11010110000010001000110010101111011010000011110101010000010110001110000101101111110100000100001010010001000010101101000101101001
01100100111101111110000010100100010001111011000100010110111100010010000110010001001100010110011010011101111101000110101111110010 01011101011000100101110001101010111000010011011100010011111101010011001110100100001111011010000111101010010001110011001110100111
00010100100110101101000011110110110111011101000100110000100011111111100010000001101101110111100000111101100111101010111001101011 10010010100011110000101100101101011000100101100111111101110110111010010011100101000001001001110010010001010100010011101011000111
11001111010000001000001010100011110100111110010110011010100100001111001011001001000101000111110110110110000110110010100100110010 10101001000000000010000000100101011001101110111100000111010001100100100110010000010111011111011010111011111111110110011011011110
00101101010000100100110111001110110000110101100001111100000000001100110011110110110111111010111000000101101011010101001111100011 01101111101011111010110000010010110101010011001010100010100101101100101100101000000011101010010111101011010000010010000000111010
00111011110100001110100101101101010010100110111010001000110010111110111110110011100100110110011011101100110010001101110000000010 10111111110010011111011000111010001001110100000100100111010111000110010001000100100110000101010010011011101011000011100110100110
10000111000110101110011111011110100101101000101010111010011100001110101101100010110011110011111001110100111011010101111101001101 01010000101111010101000010101111001010111001011010010010101000000011111100001001010001110010101100011011111010001110011100001100
11001001011010010110011110100101101100100101100100011110000110100101101111101111000111000011000011100101101011100111000100001111 10011011110000010000000010111010000001100010111111100010101111010001101110011111000000001000110100011010001111000010001100001001
11100000101101011011101101100100011011111101000001000001011101111100110000110111001001111000011000001011001110000010110000110000 01001100101000010110101111000100110000100000011001000011011011001100101011000111110101100000011000000000001100010111101100110010
10100100110011101111001011111101100111100001100000011100100000011011110000010010011010001110010011110000001010011000111111111100 11001010111100100110000000000010100011011110001111100101101000010011100010010000010001111111011010011110111001010100001110100101
11110001111001111001101011100100101001100100111100100101011001100000001010010000101110001000101110100110000011110101010100101010 01111101011101110000010000001000111010110011010100110010011110000010011010101000101101011100010010001110001111101110000101100111
10001001111111011100100110101000010000010110001000011000000011111000111101011101001011100010100000111011011011000100111111011101 01001110100111110110001110111011011010001001010000000000001101011110001010100010101011010001101101000110111100000000101000000110
10111110010111011100100101001110101001001101111010000110100111101010100100010110110001110100101011000111000000101111110110110000 11110100110111110010010011100111000111111010001100001100011111111001110011011000111010110000001101100010111010111010000011011101
11010111000000011000010011101011001100011100001001101010011011110110010001001111110001100111000100101010001010000111100110111001 01001101001000110000001110111011101101011111101010101000110011000011001110101010011101000110101110111111001010011011110100101101
10010011001111001010011111001000000111111010100011100100101100101101110111101101111010100101000111011000111101101010111100111100 10100111011101011011001010010000001100010100011100100010101011110111001100010101011000000010110000111101000101111001001000100010
11010000000000100011010000000100100000100010001000001010110100011000111100001010110101100010011000000100110101111001001010101010 00010000001001100001101010101101110111100001101100001110000110001001110110001100000000111111001110110111010111001000100000111101
11111001110111011011011000010011010010010101011001110110111001000101101110000000100110110111110011011010010101000001001010011000 10110100101110000100001110101011010111110000001010111100110111010001011111001000110111111101111000010100100100100001001010110100
10110100101101000001000110100001101101111101000001110011100100111111001011000001000000011000101100010001111001101001111001101011 00110000000011100111010011010100000011110011000101111101000100010001100001110000100110000101010110100100100110111111110001001000
10010011001100101100111011100111010010000100001100101101101110000001011011100001111000100100110111110110101111000110010000101011 10011011001100001110000111101000101100001110001100111101000110110110111001000111100010010001101000001111110010111111011110011001
01001110001101110101111101001000001000100100011110111000111000110010011111011001000000111000011111001101011010000100011010000101 10001111111111100000100010111110110110110101011001000111111110001011100001100001011111100111111110000001001010000011010011000111
00001111110111101010011001001110011110111011110111100101000100011011010011110101110100111101010011110000000011010100011000000100 01000100001100001011101001011111101000000001010110101010101010001011010110001011100100100100010001111100010010101110100010000111
01000111000011001110100111010101101011000001111000100011101100111110100000011010111111011111001101110110000000100101101000100010 10000110101000000000100111111010101000000110001111000100111101001111111011101110100000010011001110011101101100111010110110010010
11111011111111100001010011001100010111111010010010000110101101110011010110111010000111010000011000011100101110100100110000100111 01100011010010111000001100110100011000000110100111001101001110101100100011110000111111101100011001101111100000001001100000101011
01100001100100101010001001010111111001110010000100101101111111000110010100001111101010100111000011111110111101100110100001100000 10001010001101100000101010011011001001011100000001010001001001110100001000001110100011000111001100110101010000000010111101010111
10101001111101101100110000011001011010000001011110110100100010111010111000101111100000101011110110001101111000110011010111111010 11110000011001001110100000101110001111110101010110000000000010110000100101111100000101100011000000000101101101111100011000101011
11100011010001011011011111001100110000100001010101110101000000111100101010110110001010010100101000100010010101011000010000100011 00000111001000010110101001100010110010101110111000110110001111010111001110010110011000100011000001111000101010110100001000111111
01110010001101010101101101001100111111001001111100001101111111110101100110001101111100101100110000101001111111101000011000011010 10100011101001101000001111010010001000011110001111001011001000100011011000111010001011110110110000011001010000101110010110100101
10110101110101011110100110010110111000001100001010001111010111011000001001010010111100100101001100110111010110011111000101100010 10110110110010100110001001010000010110111110010000110001011100101000011110111011110111001011000011101000010000010000110010111010
01101101100101110111000000001111101001001100011000010110011101001000011011101001110100100100000011111101111110111000000000001101 10011101011001101010000101100000101110111111100100110101001101111110010100100101011110000010001101011101010011100101101111100011
00010001011001001000000011110000100100001110111100111011010100011010111111000001011111101001010110100110000001011011111000101110 10001001010111000000001100110101011100000000101011101100001010111111011000001010110100001001100111111000111101000111010111001100
01011110010110101001101101101010100011011101000001010011101110010001000101000001000011010110111101101111001110101000000001100001 10000111011010111011001010011000010110100011100110101110100111110110000110010101110010010100000100011110000100101000011010111100
10111000111101010110001011101101011110001101111001010111110111010100000011100101011000010001011100001000111001000110001101001001 11011100001001110010111010101001001000111001011111110011011011001001010011110000101111011111101110110100101010101101111010011000
11101110000011011000101011010001001111000011000110111011001001110000100000010110010100001100001010001000111010110110110001001100 00011101011101010000111110000011101101010100110010011011110110011010001000111100101100001010011110111001001001110111001100011001
11101001100001110000010010001010101100010001001010000000000111100000110001001111100001101000001100101000111100110001110110101101 01010001101001000010110010101011011110010101000011101001010001110111100111101010111000101010111111101000011010001001101111100011
10100000110011010110111110001111100110010001000101110110010011111100011110100111111001110111110111111111101001000001000111110011 00000111111101011001110000011011110101101100111100011011010000011110100101110011010010101011110010011001110111110001000100101010
00001000010011101100011111100000110000011100001011001001001101110010100001001101010110001000101001100001010010110101110100000110 11101101001011000111110110011111110000111010101100100110110000010000010100111110000100101110000001100100010111001110100100000110
01110110101000001000011001100111011111100011011111111110010110111110100001001010010101001110010000010110010011101100111010111001 11110111001110101110100100000010011110011010100000001011111100111000000001111111111000111100100011101010111000110101110101010111
00000100101110010000010000111010001000101101010010100110101000111110000000010010001101000110110010111011000001001101100100100110 01111001101101100101110000010100001111010110010111101101010110001100000111110111010110110010101011100011111000000101001001100110
00100110101100010110101010010111110111000011111010110100111101111110001001000110110111001001010001001100110001001111010111100011 01100101111111110101001100010111101001110100100000100000111010110101101011111000111101011100101101111000000101000101100001000011
11000110011111111010001000101010101001000000100111101010011001100110000100001101101000100010011110010010101101101000001110101010 11001111110100010010101110100001110000000101100111111000111101101011000101100010011011101010010011101100101100010011110111011001
10001101010001011110000110010011000100110010101000110010010000001100100110110010111000100011101111101100000000010101011110111111 00000110011010001111111100000111011110111000101011110111000001101101000110010000001111100011111010110011011001111010101000110101
10101100101010101100111111111010110000000110000110111000001010001001110001001110010111100010101110011110010000000101101000010100 11101010100100011010000111111001101001000101100011110111111000110010011110001110011100111111100110001011111000101001101010000100
00100001101101000010110000011100110100101000000000010000100111111001110001000101001001100011110100011011000001101110010101011001 11101101101110000100010010100010111101101100010111010100000011011111111011111010010011001001010001001001011001000100111000101001
00011100010000001000001011001011010110110010101110001101011000110110001110011001100110011100111110000100001000001111011001111110 01010100011010100100101101000110100101001001111010110011001111001010100100110111011100111001010000001010011011111000101110101101
11110101110010110001011111100100110000010010110011111100010110011101110011101111010111100001101010110110100111111011001100011100 00011111011101111001010000000011010100011011101010011110110111110011010000011000110110010100101101000110010100111101100100101110
01110100111111100101010000010100110010001100001111110111110111001000101100111011101100101101011100001001010111001100100111011001 11010001010100010111000000111100001011110011111001010101010101001101010100010001110010011010111000111110101010010010111011011100
00011001111101010110111001000101000100001011011101100001000101100110111100001001100111010111000111101111101101000110000000110001 00101111111001100110001110111101100111001110010100101111101000010001111100111010011100000100011100010100100000111010001110011011
00111100011111010011101001000011000101000001110010011110111001011011100101001001111100100010100100011000110101011001111010011100 00010000110100000000111011101110111101101011001101101001100111100011010000100000001011001000011101001001110011111001110000000101
01010011011001111000010101110110100001111101010000100110100001110101001101000000010101111101100000111100001100011000111101000110 10001010110010011000101010100100000001001011010001000001101111100011010011001111101101110110101110101101101000111010011011110010
11001101001111011011101011111111011111011101011100001001111000011100011110001101110010000100101101001010110000010110000000001001 00110111110010000100101010111010101101110100010100100111111010101110110000110000110000110011101000111101000011010110111011000010
11010100011110010111010111011100111010110000011000111111111010001100010001100111111000011101101100011111101100111010100100101101 00001001110000100100001011110011000000001001100001011001010011110110011000110001110111000000101110010100010000100010101110011000
11100110000011111010100000011100011111001110001010000001101101100111000111111000110000000011011000001010111011001000101110110100 11010110011011001110010001111100000010110100001011011000000010001110011111000100000110011110000110100111111010000000110010100011
11001011000000010100011111110100000000001011000110110110011111011110001001110100010110101001001100100001011011100010011100111000 01111111101111111001000010010100000110101101011110111011110101100101110011100100110000101011111111011000000111011011111100100100
10000110101100011110000001001000100011010101110110010101000101001010000111010010000011110110001110110101111000001100000000010001 00000010100110101110100000011110001101100100101011110010011101011110101000010100111100100000110101101100111001011000011100111100
1110110000011111011100011011010011111110110000101111001000000 0110001000000011110010011101110001110010000100100110001000100
0110000000001010101111111101101001000101101101110001111011000 0100010101110010111110011110110001101011110011000000010000010
1100001010111101111001111001111000001101110010111001101001111 0001110101011100001110011000011010010110111100101010111101101
0111001111011110010001001100110111101101100101011100011001101 1100101001010000101000000101100001110111010110100000111011101
0100010011100010010110010110000100010001111000101000011010010 1000010101000011000000100000111111111000010110010000010111100
1110001000101101100011100111110000110001000000101001100111111 0111001110101111101111001111011100100110100001110011100000011
1001001001000100110011010011011011111110011010011110010001011 1001001110010011010111111111101100101011010001111010101110001
1001101001000001101101011110011110110000001110011100010100101 0101000001100100100010011010110010100110101010011000101100000
1000110101001111010011111010010100010110100101000111010000101 0001000101010010010001100010110110100000010001001110111111100
1010101000111010111000110101101111010011101100011000111111100 0010110100110000101000011000111110101000000101010111110010011
1000001001001100111101010010100110100110010101011010100100101 0000110011011111100010111111110010111011100011100100010111111
1110101011011011001111100011100011001100100011100111000001101 0001011011001111111010101110000010100111100101011111010001001
0110100001001000000001110110011001001010110101100000101001111 0011100001110110010111001111000010100110010110010000100011010
1100011100010111100101111001000000110000010101100000111101011 0011101010101110000101000011100110110010111110011111000000001
1010011000100111011101000110000011101001111111101100100010010 1000001101000011001011111010101011000100100100110100100111110
1000011000010100111111010000101001001011010001101100111011000 0000010010010101000011111101000110000111010011100110011010011
1111000111111110001001001010101100010000110010001110000101010 0000000111001111000000110101001000111101100011110010101110110
1100011111000101101110010110110100100010001000000000010011100 0000010011101101111101000111101100000101100000101010100010101
1111000000001100110000111011110100100010001000100011100001000 1110100111100101001001010000111111111110111111001011000001010
1001100001110101111110000001011111011111110110101111000010001 0010001110111100001010100100101110100111010100010010010100010
0011101000110101100011100010101111001010000100101111001101111 1001101110100110110001100001001101001000100101000011110000011
0101011100111100000110100110001101100011000111001010101011000 0000000111001011011001011011011011100101110110101111111111010
0110001101010101010011000010100101001101111111100001000110101 1000000100111110011101001110001000111111010010101100111010001
1111001101011101000011000111111100110110010100100001101001111 0100111001100010101010001001001111011100100001100101000110100
1000001001010000100000101110111101100100000000101000111111111 1001100001111100001101001010111011000100110101000011100100100
1110110011011010001110010100001110101110110011011011101010101 1111110011100011111111011101111100000100100101101010100011000
1001001010001011011001000011000010110101000100101100010100111 0001101000011010110000001011001000001010111110000000111011111
1011111011100111110110000110010111101111001111110010110111110 0110100111001111110110001101011011100010001011010111101000010
0110101000011010001100110000100001100101010010100110001111000 0111100110001110110101101111011001011110101110010011010101000
1110011000101011100110011100110000110001111010000000010001111 0011111101010011111000111010110110001001011100100110100100101
0010111010111011100110010101001001010010001001011100011111000 1010111001111011110010010010010100001010111001101001100011100
1011110110011111111011101110011101101011010010101110001000001 0100100110011110110101100011110100001111001100000010011100001
0111101011100110101110110011111100000110100110010001110000001 1101110100111100100110110111010011110100111010110011011111001
1011010100110101000011101110011010100101000100101100110110111 0110011101110000110101001001111011001011000110011101000000000
0110100010001000010101111011110001100001001000011011101100111 1000010101100001111111110010010000011010100001010101001101000
1001111111000011100011011110000111000100100101111101101011001 1111101111111101101010111001001010100110010110000100011010100
0001001100000110010010100101110011100000000101000110101110000 0010000001000100001010010111100010010111011111110000111010010
1010000010011111011001000101111110101000101001110101000110110 1000110001010100111110001110111000111111100010001000001001110
0011101110010110100011101100101111101100001001011000101111001 0010010001111011101000010110010101110110110110011100000001111
1011110000000000111001111011110100000001111000101101010100101 1111000010110110011111010110110101100001111011000000111011011
0100001000111110111011010111010001111011110010111010001000111 0100110101111110000011011101110100011110111010110011111100110
0010110000111101100101100111001100110000000011110100100011011 1011010001001000011111010010100111001111110101110100011011001
1001000110011010010100001010110111110000000111101000001110000 1010111101100001000101110100010101011100100101111101101101101
0001000101011011110011111101001111011110001101000111100111010 1101000010101110001101000000001101011011010110010010100001110
0001001001001001100011100010010011010110101011000110011101010 0011001001000111010101110111100000010111101111010000110011111
1100000101110101110000110010100011011001101101001011111111000 1110111100101101110100001000010111011000100110011000111101011
1010010100111000000100000111110011011100100001001100010111110 1111001010010101111110100010001110001011110000101010011100101
1000101110111101000110100110011100110011010111110001011000111 1101001110001001101110001100111100100101011110010000111111000
1100010100000110010101111000101011001000101111110110111101000 0101000010001011110111001101100101010101010111001110011101100
1101000110111100100001011110110011011100000011011110000100011 1001111001101111010000011110001110010111000111010000101101000
0100010100011100010010000111101111000001000111010001000010110 0001111110111110000101010000111000010000010110010011011011011
1010111111101110111101000000111000100011110010011100111101010 0110010111110100100011100110001100011110011011100001101101011
1101110111111110111010001011011100110001101011011100010111101 0011001100101011000111111101010001111001101011100100001101010
1000000001101011101011000001001010001000101111101010110101011 0101100011101110101000110111011010010100111111101101111000110
1101111000101111111000111100001101101100101100101101100010011 0001011100011110000010001110101001111001110101100010111000101
1010000000111001110001000111000101010000010001111011110100111 0010000011111001010110000010100000010111101110000101011000010
0001001000001000100011010001000101000011111100110011111000001 1111011000001100001000111001101010011000001000110100000110101
1111101010111101101110010110000101101010100110100011100101000 1101100001001010010000011101000111010100111000111101110101100
0111011111101011000100011111100001001110010000010001110001001 0100100011011110110111001001111101111101101010110001111101110
1110100111101000111001010110100011010110111100011001101000001 1110100000010001000010101110101010000011110111111001000110000
1101001101110010101001011111001011100110111100101001001000011 1110001111110100100001101011101010001001001000100101101101101
1110100101001111100101101000010010010110100110000101111100000 0111111111110110110111010001110010111111000111100011001100010
0001000101000000011101011001001001011100111001111110111000000 1111110101001111111011100011100011100111010110000111110101100
1110011111101000011110000100000110101000100101100011010010101 0111011111000001000010010000110011100011011011110010101111001
1000011011011101000000000111001110110000101110100001001100000 1101110011011100011010001001101000101010000000011011001111011
1111100000100010100001111110000101111101110100000001110110010 0011101001100011001000110000011100000101100110111010011100100
0001010001110001011111110000101100001010011010011000100111111 1001000101111100110110100101010101100001111011010110010000011
1100100111010001111100110101100010011011101110001100001001010 0001110001101111110001000100101010100000110110100001100101111
0110110101010010001101010001011110110010110010011101010110000 1000101100111101011100100100110000010001110000001000101111101
0011110111011100000101001100001100100101000010000011100011000 0000111010101110011100001101100000001101111100011101000110001
1011111100101010000001010111101100010101111001000111010010011 1000111100011011000000111011010010101110000000111001011111010
0110000011000011011101110110100010010100001101111100101100110 0011110110001001100001010011001001000010110010101001110101101
1110010100111000011001100001110110101001001111100001101001111 1101110000101101001011111100000111001101011011000101000011011
0000011111110100110010000110100000000010110110010101010100000 0110000111101000110101011010111100111000101000001111001011101
0100110001010100110010110001111101111000011110110111110110000 1101100111100101110100100100111111100100010011111100111101110
1110011101001100000101111100011001100011010111010100110111010 0101101010101100011110111101010110001011110010111101100010011
1000111110001110110010001000100110110110010110110001001010011 0011001110001110111011110100010000010101010110000100011101010
1101010101010100100100001100011101110010011010100111000111100 0101100011110110110101100100010011011010010101111000011010000
1100011000011000111110001101000001011110011000000011101000011 0000001011100111011001001110110111011110101011111000010100111
0101010101000000101100100000000001011110101010101011100001110 1000001101111001100101001011111001110010010000010000011110010
0101100100101001001010110010101010100101100000011011010110001 1011101111001101101101111010111010010111001100111010011111101
0101000010111101001111011000001100010100111010110011111101111 0111101110111101110010001100111101100100110100001110101110010
1111001010101001110101101011110100101000011001100010111011000 1001100010110110111000001111000110001111000000101000111111010
1100101011111110011001010000110010011111010100101101100101100 0100100110011100111001100010000001110000110001010000000101011
1110000001011000100000000011010111110111001011000001001101000 0000000111110010101101010101100000010100111011111111001110000
0001110010111100000000110110100111001011000010111101000000010 0001011101100001010101101100101000011111010000101001101100110
1011100001001110100110111001000010100001101100101101011000101 0011000111100101111001011001101000010010010101111011011000100
0010010011000001001011001100010111011100011001101111001110010 1101101011010101110000101101111001001001110100011110111101111
0101110110000111111001111010001000011110111010001011010000101 0100111010110011000011100001011110111101100001101110101101000
0001111110101010101111110001100101101000100100110010100010000 0001101111110101011000111111011010110010011111001101011101101
1001010001011010111101011100011100000000010100100111111000111 1100001101001010010101101101001101110000010000001101010001000
0101111100011111100000010110011101011111011101101101110100011 1110011110110011101000000111101110010001100001001101100011101
1100101000110010001111101001010001110010011000010100101100011 1001111110100000110111100011000001001100100110001001100101001
1011111001111010100110101011111001110101100001001000110100011 0101101000110000001011000111001100111000100010111110000100010
1000110000000111000000100010011000010001100111110010010100110 0111001101110000100100100111111111000000011010011010101111101
1111110000100001011010101001010000000101010011101000111011110 1000010000110010011101011001101001001101100110100110011010101
0101010001101010010010000101101000110010100100000110011000101 1101010111000001001111101010101101010101010011010001111011000
0101010011001101001101110001000101011111000110100100001111011 1011011101110110111100010000001110100001110111100010101100011
1000001001101101000011111001001010001000111010000111010100010 0011101100011000111011011100101000001111001110001001100110001
0010010000110100111011010111111101101100110000011100000101001 1010100100101100101101100100001101000100000011001011001010010
0101111011111001101100110011111010001100001000001100001010010 0100110111100010001110101011110000000100001100010011000111111
0111011010101010010110000010101000010011000110110100110001101 0100001101100100001110010111110000001110001011010010001110011
1010110111010011101001000011100001110100100000111100001011110 1001010100001110110111010100010010101110011010000011111001000
1100111101011100111110000111110011010000111010011000001001111 1110110110100101100100111011100000110010101110111110001100111
0010010000000111111001000101000000010111001000100001001011011 1111001100001010101000000010100100011110111010100000011101000
0101101011011010101001101010011111010100000000110000000010011 1001111001001010111101111000000111000001111011000110111001110
1010111010100100001111110000010000010001100001011111001100101 1110001010000011001100000101101011111001000001011010111010101
0001100010011100001011100010100110001001100011100101000101110 0010100000110010100101101111001010010011100011110101111001001
1101011011001001110000010000001011101110100010000011110010000 0110011010010110110110110110110110010001111101000011101100000
1011001100011101010011101010001000110110110110110000001001011 1000000010010000100111001010010011010000111110110101011100000
0011111001011101111001001011110001110110110010010000100000000 0110101001111001000000110001000011111111101000000111000001011
0110110011001111001111101110010100010111011001011101111010101 1000001101010100000010111100110101101001111101100100110101000
1110010100101100100010010010011100111110110010001000001001001 1111110100000110000110101110111100110011110010101101011011011
0010011010000011010101100101110000010011010100010010100100110 0110110000001100101100011000000101110011000111110001011111000
0010111110100111011010000011010110111011110111111100101000111 1100111101100111001111101010011100100101100100100001001110101
0110101001100001111110010000110101000010101010111010011101101 0101001110010010100001010110010011011100111011101100101110000
0011101001000110000011000110101110010010011010100001000101101 1010010010011101010001010111111110010010110010000111110100100
0010111110110011111000100010111110001001110010110001110111001 0010100100111101000010001100110111001100000100011000110101101
1111011111101001001110101010000000001110101111010100110111111 1010110011101101110101001000110101110000011010001000000011110
1010101111001000010010010100011010000001011001010111010111001 0110000111001001011000111101000100100101101101101110101111111
1010010111110101110000111011101111000001111110011010110111101 0000010001101001101110110110010000011001000010011100011000001
0111010010110010100100100011000111101010100011110011111111000 1100010100010000101011100000001000101111101001000100010111001
1111001000101011011101110100000101000011010111001000100000011 0110100000100001000110101110100000111100011001010011000001111
0110100010011110001111011100001110110001010001010000000010100 0101001011100110011111110011100110011010000000100000001001100
0111111011110000101011000110111001110111011110110101011111110 0001111110001111000000010100100000000011010110100110111100001
1110010110101000100101001101100111001110110010010100000100100 1011110111101110011011100101110011111001110101001100001111001
1110110100110110001101001110000101101010010010000000001011001 0111100100101011111011001110110011000000111010110110001101110
1000111101001111110100100010110000011000011110101101110100110 0001101111011000110111111101101001010110110100100100011110010
0100000001101101100110010010000001010110100101110101101001110 0110001101001111101111000110101011101110001111111110001011011
1011011100011101011101110000011111110110100101011000100000100 1001011011110010101011101000001101111001010100001000110110000
0000001111101110000000110001001011010000101011101100110010010 0000000010010100100111100000001111011110001000111011000100100
1110100101110000100101101101010100100000110100110001000101100 1000001110001010010100011011111010010010000101100000101110010
1001011001001111010100010111001110110001100101010101100000101 1000001100010010100001000100110100110110100111011001100110000
0011011100000110000111010110011100000110101110010100001101001 0101111101001111101011001100111000011100010110101010000111000
1000100001100100110100010100011000010110111010100000100100110 0000011110011110100001101011101011000110010100000000110101100
0101101111110101100100111100010011101111010110010110101001010 0000101001000010000100101011111110000100110000011011101101000
0100111000101000001001001001111010011011110110110011100101001 0001010011011110100111110010101101100001010001011001000011111
0000111000100010111001110001011010100101001000110110111001000 0110110011110010011010110000000101111011010101111100011001100
1000010110101001010111110100111000000011010001100001010011000 1101101011111100100110011011000101011101111101011011010100011
0101010111001000100111011110010010111100010110101011011101110 1101010010110101000001101011011110010010001100110001100001011
0101110101000101001000110101010110100101000101100101011101101 1100101000101110010100110000101101101111010001101011001011101
1111010010011000010011001011010100001101111000010100001010101 0110010110000110000001111010111100110000011110000110000100110
0110001101110100010011001011011011010010000011110000111011110 1100010111011101000101110001100101010000111001001000000111101
0111111101000011111010110001001101110111000101011010011011100 1101111110101110010111011011010000110101001010000101100001000
1110000010100011000000101001110100111111101111010010010010101 1001100011100110010001111101001101000110000000001000000110000
0011101111111001011000111101100101010011010101010111000000010 1100001111100110000100011101011101101011011110100110000111010
1000100100110110101010111101101101101100110011000000011101110 1110111000110110001111001101100101100011100111110101100100011
1011010100011010000010011010110000100110100100101100100111111 0001010001101110110110000000101101010111111100010000100101110
0001111110001010111000101001110101101000101011111010110000101 1001101010000111000001000110000100001001000001000000101110001
1111101000000000011000011011111111110011001101010001101100110 1001110111001000111111110101100100110111111000001101101101110
1011110101001011100000101111100111001100100001111111101111110 1010101100111001000111101001000001010010110100010011110011100
0011100101100001111001011000000001001110011011010111001011101 1111100101101000010001010010000100001011101011000000010101101
1011111010101101000010111000101011011010011010010001011100110 1111101000110001100011101100110100001000100100000111100100011
1010011001101100110100000000110001111111101111000100100100011 1110001100010101111110000110010010110100110011011101110001000
1111011010001111110111101010000100000000100000001001110001110 0100110010101011100011100011110100001110110111001100011110111
0111101011010001110100001110000010101101010110110011011011011 0011110110010101100100101001000101100010000101110101011010010
0101010101101010110001001111001101110010100101000001100110100 1011011011110111011001000010101111110010111000011111001001001
0011000011100101010111110010110100001101101110111111011001001 0000001100100111100111000100101111111011110011000110100100111
0100011010010010100000011110111011000000011110010000110010000 1111001010110010110100000111000111101101011110110110111001101
1101000110000011000010111101010010001101010101000101100111010 0011001001000100011011000011000000010101111010101011010111101
0100100110001100101000101101100100111101110111111001001101001 0001100110010000110111100111111011100111110111101001011100011
0011010101100001011110100101101111010100100111100000011000001 1000010011101010110111111111010111010001011110001001011111101
1100110101111101101010000000001101101101000111001011001101011 0011101111100110010001001001010101000011100000110110101100011
0000110001001100010000100000011011101111100011001011110101010 1010011100000110101101011101100011110110110111110111110100010
0010110011111000111010011111100001100100011011000000100010100 0010100111011101011011111111100110110110111001100101111010101
0011111001001011000010001000101101110010110111111111011001001 1010101100111010101110011110111100001110011100001111010010110
0000010100111111010100100001101111100101100001000111010011101 1011111100010110010001010010011001011100001101011011011110001
1011001100111011101101001000100110010010011111011000001110111 1000111101101111100111100101010100010001001010001101001001000
0010110111000011011001111000110011111001000111010010000101011 1001011110101000111111000110101001011000100010000101111100111
0000001001011000001100001000101000101000010110110011000000011 0000011000111011110101010000011001001010100001100011010001100
0010110110010001010010010100100011100001110111000111100000101 0100010011100100001000110100111001010001110110001011000000000
1001101110110100000011101010111010101011000001110110101001101 1011010111000110000100001100011001010110001000011001110001011
1111110100101111101101111000111011100011100001100110000100110 1111010000100110110101001110110100000000101111000100100001000
1011001101001011010110111111101011010111000111101010111001011 0100000010010111100001000110101001011101001101110101101100001
1100000010011101000111001110100111110101100101111010010110000 0101011100011111110110010011111100101001100010100110010101000
0110111101010011000100000100000000010011011110001110011001111 1000001010011111111000100010000111111100001011010011101101101
0110010001000001110100111110110100101110110111000001111010101 0000110110001010100100010010100010100101110110111101101111110
1100000111011010010111100001000000001110101100111000001101101 0001100110000111010001111000110010011111001100100110101110011
1000110001010001110100010011010100001101100111100010000000100 1001011100111001101000010010100011011001111011001101100001100
0000111010001001101000101000001111011001110110001000101011100 1001111000111011001110110101000110100001010101010011011100011
0001001111101001110001010111101000110010001011010111010000001 0100110001110010000010111101001110100001101110101010100000101
1100110000111011010011111000111101100110001110100000100010110 0010000000100001101101001011000011010010011101101001110101001
0001101101001010011001110111001010110110101101110100100000111 0001101110010101110100000111011000000000101110001110010111010
1000010111001010101010110111001111000000001110110101011001001 1011010100101100100111111110010011010001101001100111000100000
1111111000001010010001000110111111110001111100100111000111101 1100010010011100101100010001000010000100001011010010100000101
0101100001101111111000010101111001011000111111000111001010001 1111111100111011111100100010011110111011111001111010010000011
0010011000000111010010101011001000011000000110110101010110011 0001100001100100010101001100101111111001100001010101010000110
0000000111011001100101101011001111010111110001011110001010100 1000011111000110110011111101100000100110010010100100011010100
1101011010101100001111001101011000011000111000101101110000000 1000101010000000111001000001100110110001111011101000000110101
0110110011000111111010101011111001100001110110110101011110110 1001100011001011010001100000100011010011101001110111000110100
1110101001100000000100100001010100011001001000111101000100000 1001100011101100001110100110001101100000000110010000011000010
0010111000101010000100000001100100110111001001101111001100001 1100010111011000100101101110001011111111110100101011100010001
1100100001110100100010101001111101011000111100100100000111000 1011010101010000001110000001010110011100110011001000001001100
1111000000100001000000000001010111111011001100111011110111111 1101100000100011101010111101011110000110001100010000011000111
0110010101010000011010001001001101111110001110100001101110111 0000010100110000011000011110101001001110110000000111100111001
0011000010001100001110011101110011011101001110001000010010000 1001010100001101011010010001010110101111111101101000111111100
0111101111001000000011101110111010101010100011011111100111000 1001100101011100010111011001110101101011011011110110100101011
0111111010110110110101001111010011100101000110101010101011011 1100100110101100110111101110101110001010110101110111110001111
0011010101110110110010110010100000111011000101010111101100000 0101001010110010010011111011011000011001010010110001111111000
1000110110101010101011100110000011100000000101111011101101110 1100000110011111110001010100000010111111110110101100010011000
1110110110000010110010111100000110101011010000011000110000101 1011101111100011011101010001101111001011010001001001000101100
0110100010011111110100001111011100011011111011000011100010111 0101111111100110000100010010010111001110110100010101100111110
