63
01101001001111100001100111100000011100011010110011011100110101000110100011011110101011000001011000010010100000101001011010110010 11001010110011110011100000110000101101110000010100011001001110011011001111001100101100000010101010001000000111101000011101100100
10011000111111110001000110110010101010111111001011011101001110011000011011000110100111011110011111001011011001110010101001000001 01100100111010101110011000111110101101111001111000100101011010100011101101111110010100001101111010011011011001110110000000010110
11010100110100110111100001001110000101101110101001010000001101000101011001000011000011011110011000001011110110000111100010000001 00100000001011000110001000110100100011001110110001111001110011110111110111011010001101010100011111000101111011111001011011100010
11011011011111100110010010100111010001111010101100001101000000000101010111000001000000000010111000010101101101101000001111000010 00001001001110101111100101111110011101110010000010000010001101110000100100100000011010011001110111100010010010111011010110101100
11001011010011000100000101010110000110010000101100111000100111001001101000110010000001100000010000010100001111011110000111100101 10100100010110100001000000010010101010101010001000111011101001011000110110001000101000011010001100010111010100100000111000001110
11110110011110110011110001111111000100000000010010100111110111011101011111101111110100000000001111111100110000010100001101011011 00101100010110011100100000010110010001110100000100111000111010001001000110111111011000001001011000010000110101011101100110101101
00101100101011110010001011100111011001100110000011110110101001000110000111010010000110010110011100000000110101101110011110101111 10110100111100101000100010000110101001111011000011111110011010001110110001011000000111100011010000000001000011001101001110010011
11000000110010110001000000111111101100100111011110000110001011000100101010111000110111011001000011101010100110000011100101001110 01111110010110100011101111001110110000101110001101000110010110001101000100110001100111110111101010111111010100111001110010110111
11101010001001010100110101010111100000000011110011111001110011101101000100001011000011110010000111101011100011001001000101010001 00010101011100110010101110000111100111100000100001101000110010111101111101001000110101110101010100011100111000111011000101110110
00111100001000110101110100101111100110010110110000110000010100011110011101000110101011101111101111010010010010000101100110101110 01100110011001000110001100110101100001111111110001001011000100101010010100001110101011100111110100100001101010100010010111100001
11111110011101000001111101110110001111000101100111011100010100101111111001010100011001110010101100111010110010011010010000011000 11100000011000001000110000000011011100100010110011100111101001111011001110110110101010101010111011110111001001001110100100001000
10111111010100010110011110101000101100110000011000010011100111000011110110100001100111110110111000001110110111001111100001011001 00111101001001110111010000100001011010100110001101110110100001111001100101010000110011100110010011101001101111001111100001111110
00000100011100111001000010001100011000000010111111101110100101001100010110110010111100001011111000000000110011110100111101000101 00110011011111011011110111010101101101110100111111111110010100101100011011100001101110000000010111000101011001000000100110111111
00111000110100011111101011100000110011110000010101001110001000111110101011011110110110010000001000000100100101001111111001101101 10000111001001010111011100011011110110110010011110011011000001101001101010100100010111010100101110111001101100001001011110011101
01100000010101011111010000110101110011011101000110111001001011011000101100001001110101011010000000001001100100001100011100110001 11000110101101000111010101101001101100100101101111000111111001011110001100001001000110100101110001010110111000000111000100001000
01110010001101101110101101101111100110011001010100111110101100100000011001110101010101011100100110100100110110101101001011001110 11100111111110101110011110100100110111110101011110011110100101101100001111001101010000101111100001010001110100011000110110010100
01010111100111100000110010111101110011111011101100001011011110111011001011101000111100001001010001001011101000010101101000100111 11101010000100000010101111101100010101101000001100001111110111001110001100000010110000111010110011101111111000101100011000001100
01000011001110010001010001010000111000011111001111110001011011001001100010100011100101110010011001110101010110011010100100100100 01110100110000100000010010111100001010110111010101000000110010101101011110001100101101001001100110000001010000110011100110100100
10001010111100001101101101001100101110111010011110110100010110011011101001110010001111110100011000000110000101101001010000010011 01110001100110010110100001001000111101111100010111000101011011111101110001101111110110001001000111111101000101100010100111000110
01011101100000001011110111111111110110110010111110110010011101010101100011111001000110101100101111101000010101111001011001111000 00110101111101001101011010110011111000111111100000110101001111100001100111000101101010010011000110010010100110001110111011101001
00110110100001010101110111101011100101000001010110111000000101010110011111100001011000000001111111001010101000001111101011101100 11011001011001110101010011001000110010100011011001110101111100010101110011110000101001011100010111000001011011101000000011111011
11010000001001011101101011110111000001101011010010111110011100101001011111111110000010000011101011100111100100001000000001101101 01001011000111010110110100000100001110001110011010100011110101001110101101101100101010010011100010011011011001000101011100101100
10110111010011111000100100111001111010110010011111111111111101011011100000100001111010001001101001100000100011100110100100100100 00111011001100110001011111101001111011010100011000111111111111001100011000001010100101000110000010011110010101010100000111000110
10111111101000101010001010101011000101001010001010100011001010100100110001101111111111001001111111110010001110111001001001001111 00010010100110101011111110111000101000100110000111110101111111110010111101000010101101011101111100111100101110001000010101001100
10110111100010010011001010010110101101000100011110001010111110011110000111101010000000110110100110000111110101000010010110111111 10101111001011011001100011111100111010110011101110001111111010111000001110001100010111001001110101111111110010111101010110100100
11011011110110110000110000110101110110011010010000010101100001001001011001000001111100011001011001000011010100011100101111000011 01100101011100000100010001001101111111010100011011000100010011001000010110100011011110000001011100111101000101101101101110000111
10000110101011111001100001101110111110001110111000000000101101011001111011001110010101110110110111010110010110010100010100010100 00111110100000011001101000000001100011000111100110001101001101000110111100000100111000111011010001101100101110000011000010001111
10011100010111111111000000100100001110000111011001100111111010000111000110100011000101100001101000010100001011101110000100010000 00001011110111011011110000011001111100100110101111111011101100011011100101001111011111110010100111110101101001001111110010101011
01100110010000101101101000011011111100011000000110100001010101111111011010001101110001110001010100010100000110101001111010011110 10110000010011110100101111101010100001010101111111011110000001110010011000011011011011111001111001100100000111110111111011011010
01010011011011010111111111011010011110101110001101010110011101011001010110001111111010110011011110010110010011001111011010101000 01011001000101101111001010100011010001101010000010100101001101000100111001110101000111010101011111011001100110111101011001010010
00100000000100110000010100110100011011000110000100100100101011001101010001110001000011001010110111101110101010001100010001011110 11010001010111010001001111100101111001111000100111101101011100000000011001110110000110110101101110110000110111111001011111111011
10111000111010010011101101110111101101001001110110110001100001110100101111000101101011011111001011110110100010100010010111011010 00000010110001011011000011000010110010010001010101001111100000110111101001100000000001111001001001101000001111100001100000011001
01011000000100000110110010010101001101000010100011100110110001001101000010011101100101000101110100011101101011110011111111001110 11011001011111110000101111001111011111100001000101010111101010000000110000111111000000101011111111100101100101010110001110110010
00111110010010111111110010010101000100100100001111011111101110100100000100001001110101111010010001101100010011000101110011100001 00000101111101011011100110101010100100111000011100101000111001010101111000101000011100111010101101110001111010101000101010111110
10100101101111000100101100100111011000110011100001001011001010000000001000010100001110011100110010010001010101001111001010000111 01101010001101101100111011001110101001101101101011001011001001001000011000000001001010100111000111010011111010001100110100100110
11111111101001001001111100110010000101001010000011111011111001001011101010011100111000100110000000100100001101111011000001110110 00001011101110100000001100011101010101000100000000011101010100011011111100010101100001010001101110000110011001101000111010111100
00011110101110001110111111010101110010100010101001001101111101110110010100011010111110101001110101111001111111000000101111100010 11011100011011101111111111010101110111111110111110000011100111100000000111000100110110101011011100011000000101000000011010110101
10110011000100110011001000101000000101011000100111001101100100101100110000001110101111101011000100111001111100110000001101001101 00000010101000111010011110101000101110011010110111110101010110101101001000101100100110110110100101011010000101110100010111001000
00001101111100101001100000111001000100000100000100110011111011100011111111011011010001001001001001100001000001010000101110110101 10001110110100110100110110110001000111110010010000001101111001100001100010000111011000001100011110111010011100101010100011011000
10110000010100111010110001000010010100101010110011100000010000000000111000010000010001011101100010101101011100101111110011110101 11001001011011010000110100101111011111001111100010000111000101010000011101001010010100010101110100010000111100111000110110100011
01100000100001011100010110011100010110101111100000001011101101000110101011100111001010110010111011110100010011101000111001000110 10001011111011100011111101110011111100100010111101110010110011011001101000010011111000110011010001100110010001010010111010000010
11111100011101101000110111110101110010010011111011111110010100110101001010011001110100011110100001110010110110101011100110001110 11010010010010100000000110101011010010010001101001111110001110111001010010000110010111110110100000011110001001111011101100010101
10001110110111100110001111100010010100101111111001111100111000011000110010000101101101100010011100100100000011110000010011000001 00101010100100000110001000111000111011101000111010010001100110010011000001111010000101100010100100101100001100001101110100101011
11001000001010001111111001010001110100101111010111101001010001101101111100111111001001110010111110101111110001000010101111011011 00110111010000100010100111001101100011011111011001000110101101101011101011011101011110001101101111001010111111110000010011101011
01000001011001111100000000010100101001101011100010000011111001101100000100001101001010011110101111111011101000000001010001100011 11011101010001010100110001001001000011010110100100010111011111110111110100111110010000101010101010010111100100001111000111101101
01011000000100000010010100001001101010110111010111001011100011001010110110110010110001001000100011100001110001101110100101001101 11001110001000010001010110111110100010100110011101100000010111110000110001101101011100010010000111101001100100000000010101111110
10101001001000111001111010000111011011110100010001001000010101100111000000100011100101100100001011010000111011010010010011110011 01110000001011011101010010000111101000111011011110101110101011011101101000010010001000001101001100010100011000100101101001011000
01100000011000001000011110100110000001011010110010011101011111111001011011010010001111100001000101100111000101101011110100001000 11111000111101000001010000010101100001001100100001001011000010001001000110101100101101100111001101111011100001101010000010010010
00010111110100101011111000101110101011000001010100101001000100101000100000110010110000110000110111001101101011111010011000011001 11001111011111010001110111110010010110010000001101111101100111101001010101100011111010001001110111010000110110000000011111100011
00000000101010011101001000111010110000100000101101111010001110101000101011100110010000011110110001010100011101110111011101100100 01001011001000100100000010001000010101001000010000001111110101100011010001100000011011011001001001011010000110101111101010111111
00100010110000001001100110110110010111100011010000101010111011110010101010010101111111001010001110100010010000100010011011100111 01001110001110001010000101101100101110001001000001110001101001010111001010010111100100111011110111001101001010100000010010110000
10101001101100111010011100111001011100000001100011100001001101010110000110011110011010011001001010010010000011010101110001111001 11010110101100110111000001110111001010011000110100110110110010000010000100001010100101000000100011010011110110111011111110110110
01001111000010000001001010011011111001110101010111010100111001011001010011010011011011101100011100111011100011111010010100100000 00111010111000010101101011111001000010100111010001100010010011011100111111100001000011101101000111101110100010100100111100000000
10101100111110111100010101111101101000110111100101001111111000111001001001111001000111001011011101010001110011010101010011010110 11001010011100000111010110100010000110101000010010001111001000110100010000010110101110100111000010000000001011111110100000011100
11011101011100101011111101001011001010001000001110011111101101100110011010000001001010101011010100110111111011110010101001111110 01001010010111101110110011011010000100001100001111110010011001111000010000111111100100000010011111000011000100000110100000001010
00100001000110010101110000101010100101001101011111110101000110000010010110111101100001011011111111010000010000110010001010110011 10100000100111011100010001010101001000010110101111111101001011110101101110100100010111011100111011001010110101011111110110001001
10111101110101010000111001000101011110111001000100100110001111001111110110001111111110110110010100101100100001011100110000010010 10101011000110001111100100110011010110111000001110011011110011111100110000111101101011111001011000001000000001001011010011110100
01100111110101111010100001011001001110110010011000100111001011111101110011011101011000101100000110011100111011101001010111011100 10001110001001000011101111100010111000110001110010010111100010010101000000101001101100000000001001000010001100111011100000101011
01010011110111000010001011101001000111100100000011110100010000100001001011110110001001001011000111100111000000101000110100101101 11000101010110000010010101010011101111110011011010101110011101101000011101011110011101011100111100100100101000000000011110000000
11110011100110001000111101000110000010000101100110000000100100111100101001000110110100110011110010111001010001100000000011111011 10100101100000000000101110100001001000000001000110010010101011010000100000000011101010000010111000101111000011011100001010100101
11101000001100000110001000010100001110001011010111000100011011001011101010000100011000001011101101010001110111100101001000100001 10101101100101000000100101111000000011110110001110011110100110000000011101000111001110000000011000110000100110110000000111100100
10110000100101110000000101000001110000101011111010101001010011100000010101011100110101000010001011110101010010101100000111111000 11001100110011010001011111110110011000110101111000001010001111100000011010100111111011011001100110111010100101110111101110011111
11101011001001001110000000101100110011110001000100000001011100100011101101111001000100111100101011111000101000110010011111100010 00100101110110011111001111001000010011011001000000000010110011110000111101011001101001001100001000100000100011101110011001010101
0101110101011000010101110011010000011111101001110101000110110 1100100110100011101000111100001001101011101111110000001101101
0111100010101010000100110101100011001010010100010100001101010 0011000011011111001110000101011111010100011100000010100111110
1111110101000011011000011110010011110100001011100101001111011 0111100111001101101110010000111011001110011001111111011000010
0010010001011100000001100101100110001001001101101100111001100 0100111000101110001000100010011110110111010001110111011011110
0001000101100001010100110111111101010110000100011001010000010 1100111001001111010000101001010011010111111000101111011000111
0001111000101001100010000101011010101111110011001110001111111 1110001001110101101101111000001101000010100011110010000100100
1010000101111011100100101101010100110001100101001011111010111 1110011101000001010101111111000111100010110001010111101010000
0101101001100011101100110001111101011010111100110110111011001 0111010111101010111010110100100111011010110101101001001000111
0111011000110111110000101000110011111001011010000100110101000 1010000100001000111001000110100111111100000001000100001110100
1101010011111000100000100001010010111110011100110111011110001 0000011001011000000011111000011101101001101100110010110001011
0111100001110100011101000001110001110010110010111101001001000 1010000100110001010011110111101111100011000011100111000101001
1011000011100101110101110110011100101011111010000101010000100 0011110100011110001101101010111001001110000011010111011001111
1110100011110000100101000001010101001100111111001110101000001 1011101100000110001010111110110100001110010011110011100001100
1000000001101101000000100011101110011000100010110001011011011 0001010011111011001111100101100100001110000011101100000111001
0101000000010000111000101110110000001000000110100010111110011 1001001001001011110000001000001101111110001111011111101100111
0110010000110100111110011111000001010010011010001000110110100 1101011011010001000101010001011000101101111011111110101100110
1100101000100000110101010111100110010110100010111100001010101 0011100011010110010101110101000110100111010001010111111011011
0011101011111100100011010110100010001000101011110101001100010 0110101101111010000110101000000001011011100001001100000110001
1111111111000000101101100100011110000011100000101100110010101 0010110111001100100010010111010000011011001100100010001001000
1101011101110110100001000100011011001101000001000110100111110 1111000111100000000110100011100101101100000010001100111100110
1100010010011001001110001110000001010001101100100011110101000 0011001010111001111001010010001111100100001110110001000111010
1011111111101111011110010111000000010011000100010001111101001 0010111011110010100011101000010100010111100001001001111111111
1110110111000111011111001101001010111101010010111100111000100 1010001111111110110001000011011010100001101100101101110001011
0111110101101000000010000101111010100110111111100110110000111 0000110001101100111000110011011110000101000110000000100000000
1111101011111010111110110101011111010111100100001110001100011 1011001100100011100010111100000001000011111110010010101001101
1111010001001011001110001010101011011000111101011011101011100 0101011111111000100101100011111100100110011110010111100100011
0010110001001011101010011111110000001001000011010100011011111 0100100011000111111010111100010110011000101011010010110101001
1001100111110110001110100110011001011000011111011001001111111 0110001110111011111100101111111011001100101100011111010110101
0001001010001000001101101101110101111111011110100110011000011 1110010101110101100010101001100100011110011010110001010000000
0010000100100111111000000101111110001001010001101101000100111 0001011111001110011000111011011010110100001100000100000011101
0011101000000100110000111011010001111100000100001000100101111 1000001101110110001101101011011000100010110000001000100100111
0101110111100111110110101000001010011011110011000111100101101 0000010111000000110000010001000000100010001000010110110001000
1111000000011101011100100000101001011100111111001111111100101 0110100000000101101011000111110011101101011011111010011111100
1100000011111110001010101000100011010101111100011000111101110 0000000010011100000111000010000001001101100100001100011010011
0110110111111100010010000011010001100100011010110000111011101 0001011010010110101101000101111001100011110010110001110100110
0010100001100001001101010000000001000101000010101110100001101 1001010010100011010100101011010000100101101010110010010001101
1100001101110011011110111000001111111110100000011011101000000 0110101101010101111110111000100001000100111110101101001000110
1110111010000111011001011011011000010110000001000100110111000 1110100110101101000011000011110110011010001010111111100011001
1011111111100000100010011001111001101100001010000000000100010 0111011101101100111100111001001001001000100101111101110000110
1110110010010101100010001011100001110110100110010100000100101 0000101001100010100101110001011010011111111011100110010010101
1001000100010110000001111011101010110001000111100100111100110 0000011010001011100111000111010100100101001011101010110000110
0110110001001110110001000011000010011011110010100000100111001 0111101100011001110110110111101010001000000010110101001000111
0000000100101001000001000000011011011100000001001010001111110 1000001101101111001001001110101101001000111101010111100111101
0101010011010100100010110001000110111001010010000101011101001 0001001111110010001010111011111100100011000001001001100010101
1111011011001111000000011011000111110110011110110000111101001 0100111111110100010000110110001011101011011011111001110000011
0110111001001000001111011001010101101111100001100001111111101 1110000010111000110000001100000010100010010000001001110011111
0111110111110101100001111100011101100101110000011111101000000 1001100001011001001011000000001111011101001001001001000010100
0101011011111110101010111111111000110100110111111100010011011 0001111100010001000101011000001110110011000010111110101000011
0111001101000110111101110000011011111110001011011100000100011 0101111101111011000001100110111101010011101111100010010100111
0011001111110000000001111101110011001101010000001001010010001 1110010111001110001100100110111000101110110100100011101110011
1011000100000100111100111100011110101110000010000000010101000 1110101110110110001010010001100001111001000000100110101010011
1110001000111111101010111110001111101100111100100100010011110 1010011011101011011101111010101101101011101101001110110101001
0001001100011111100110011111000000010110010011111110000100000 0001011000111000011011011001010111110101110100110000111111110
1100001001101100110101010110001010100000100100101010110011011 1110100001101111111111011100010100011111000100101001111110011
1101000010000001100101110100010100101101010111100100011000011 1111101010000101101110111011000110110000011010111011010011001
0100100110100011010000011011000010011101011110111100001111000 0000110101011111011011110010110111110000111110000010100100010
1100011001100101000011110010010111111111110000101110110011000 1010111101001011101110001111111101111111100010000010000111110
1110000010110110100010101000101010101001101011001101001000100 1010010011001010110010000100010110001010111000100001110000110
1111101100111101110001101111101111010100001100000011010100100 1101100011000101000110110000000100100011100111110011110001111
1110111101111010111010110101000000111010110111010000101110000 0000110001000111101110100001100010110110100101000101001010110
1010100001001110111111101110101010011110010111001101101100111 0010010001011001110000001111000110100101100011011110010000110
0110011110010111100000000100101110011001001011001110111010001 0010100010001111111101010011100111111100000110011011100110001
0000000100011010010100100101010010100011001110101101001011011 0100101110110111110110100010111000101001000101101010000000011
1111100111100001000000000101100011011111011010011000100010001 1001101011000000110110101000010111011001110100001010100000010
1011000000000100011010010010100011010100010000100010001100001 0000011110101111111010111100110111000110101001101001100100010
1110001110110100000110001001001111100010000011011001010010001 0011000000010110101101101000011001001101010110101001111000010
0110011001001001100010111100100010111010111001111100110010010 0010110010101011001011011101000110101001001101101000001110011
