177
01011001110011111110111110000001001110110000001001011010101010110010111000110000011111001101110110010100110101011110101000000011 11000100000010010010010001101001000011110100110001010111101001110011000111101101111000011100001011011100001011000010001001001000
10101000101001110110011101110000100101100101001111111000111001011011101010011111000011001011100110000100001000100110101101001011 10010101010011110000101111001100001101010100010111010011100001111111100000001011001001010110100000010101011011100111011110011110
00111111111110111111000100000011110000010001111000011111100000111000000001111100000101011110011001101001111101001010100110101110 11010001010010011110110010111100100011101111101111101101000011010101101010111111110010001100000101010010011111011011111001000001
11100011110110111101001111010011011011010101111100010110110000010011001011100011101011010101111000000110000110100010101010111010 11000011010011001100001111101101101100001010010001111001001110100010110101011010111110010001111010110111010000111000011110110001
00001011101011101100110110000001110011001110110111010111100011010100010000001000010011000011101000110001010010010101110001001011 11010111011110001011000111101101111000000000101101000001110110101111000110111011000001011010111011010010001110000110101001111001
10000111111100011001011110101101000000100111010000100010011100010111100110111000111101110000111001101000100000100000010111010001 10110000011111111010001000111011100000011101110011011111111101101100111001100011000011111000101000101011100010101010010010100100
01000111100000101001110111001101010101000011001101111110110101101010111100101011001100001000010011010101010111000100011100000111 01000101011111001100001111011110101000100001100010000001110100011111110011110001001101111000100111101110010011101111110100101100
11111010010010111100110101011001001010111110100111110101010111010001101001100101001001010001011010001111011101111100111000000100 10111011100101100100101110010001110111101100101110000011111101111000011100101001011000000101100000111001110001010010011100001111
10001011111010001100100010000010110100101001011010111100101101010110011101000011101101111100111000100001000110000100010001110111 00110111100110111110100101100001101010110001110001001011000000100110100001011011010100100111100110010111110110100110111010100011
11010010111110111111001100100101000011011101000001101000100110111001001010110000100010010111001000000000000100100111010111001010 10110000110110000011101000100110100110110111100011010111000100101110011011000110011010011010101010100001100100011101011110101011
11011111111000110110101011010011100011000110001110111011001111001110101101000000010000101110101001011111010111001000101010100011 00100101010011001000101110101010011110011010111001011000001000110101101001011011111111110100011111111101001010000100010100100111
01010001100010110010100111101101110100010101101100111011100100100110001100010011000011110111010001010000000101011010111010111111 00010101000111111000011101010011001001101001111100001111001111000110001011001000011011111001010011011000111100100101101110010101
01101000001100100001100110011010011011111100110111110001001001110010101011000111101001000010010001110011110110110101110101101110 01100011011000101010100010000001111101111011000000100001100100111100011100100010011010010011000010001101111010010100100101011111
01100100000010010011110000001011010001001110011000110110001100111001111100000011010011101100000010111111100111000110000110101010 11111100010011110111100011001110100010001110111000101000000111011001111011000010110011001001100011001110010101111100000001111010
00100111100111010010000110000011010010001111110111010000001111011100101010111100001110101111101011011010111111010100101110101000 11010101101010100000100101111011110111001101011010000101001100010110000011011111110001001001010001110010011011011010000001100111
10001110000011110111110101011110011010101111010001011100110110000100010011011100000001011100110011111111011100010101000111100100 11001101101001001100110010000100000010100111110011001101101010000000010010101110101111000101010011010100000101100010111010000100
01110000100010110011111101100110000111000110001001110100110101100010010000000111111000000101001010010111010011010100011011010011 01000001100000010110001101101011100010000100100100011100001010001110111111100001011101010111110111100011111110001001110111111000
10110010000110110000010000011000101010101000010001111011101111100110110011011111110011111110101100110111001011100011110101101101 01010110011011011001001101001001101001101110111001100010011000001000100101001111000111101001011110001101001010001001110010101010
10110100000101001101001001010001101001011000000101111011001001001101000100100001111011110101100010011111100010101101000000111100 00011100000111111110101011110001011000000000100101010110000010011010010000100001011000101110000011111000010000100010010101111000
00111101001101100100101010010001001101001010001111010101001101111010010101100001010111010101000000011111000100111000000011100110 10011100111111110110011011011011011010100011111110000101001110000001111101000010111101101110000001001110100011100100100110111001
00100000100001100100011100011001000101001111001110010000000110010000000011001001010110111010000100101110100010010000010010011011 11011110101011010101000000001001010011010000011001000011101010001110111000111000011001110010111010010100000001000110111100011001
11001000110000110101100010010001000111001110110100011010111101001011110101001100001111010001010011100000000101110100011100101001 00100110101010001011001000101111100111110101101001001011110110001101101100000111110000111001011010001101010001111001100111101100
01111001101110111010001101101010001000100001010100010111110010001101001110110110110111100110101000001010110100111000111010001011 00110111101111011100111010011010010001101101101001001000011011001000111001110110100110001100110101110011101110010111010100001000
11100010101111011111011000000010010001110010100110110010100111110001000010100010010110110111011101110110000011011010110010000100 10000000010101110011000100100011000101101000011111010110010110101011100100000110110111010111110000110001111001000100110011101111
11110111000100011011011000001011001011111111100100001000110100111010101110100010001100100011100010001100110110000000101111001101 01010101011001011100001011001101001101110111000110111101111110000001000101001010100001001101010000100001000101101000101111011000
10110100000100100000100100000111100111001000110100010100000000011110111001111010101110101110001101100010010011010010100111111111 01101101111100000110100110100100001001011001011010001100011101010110010010011001100100100111000010101001100000011111010100100110
11101100000100001110010000000100010110011011111101111011001011010100000001001111001110001110101001010100100010000000100110010011 11000100101001011100110101001101101001011010011000010001111100011110010010011101111001011110101101111110011011000001000101111110
10100001010000101110100111010011011010111001001000011000110010100001001100110001000010011000001011111011011101001100000101110100 00000010100100000101110110011101101011100100011110011111110110010111101000101100001100101111000011101001111111110100000111110110
10110001011010010101000011100001011101110110111001001010100010011000011111000011010010000111111111011000101000100010101011011010 10100100111111000000001000111111100010011101110111101000111100000000101110101000000111101010000011000110101001101100001000011000
10110010001111000001110001111001100110100000111011011111010110101111001111000010010010110100110000001111100101110110001110111101 00101101100111001110110110111101111011101101010001101101001010000000101011001011111111000100100000000100000111101001000001000010
11101010001001110110111001010001000111011011011001010100110000000011110110000001011011000110010101011010110010110111010011110100 10101010011011101111011101000000100111011101101100100100100011111111001101100001000111010111101001101000101001000101010110001001
11111111001011011001011101011110111111110101101111110101110010000101100000010000010000011100011111000111010010100010011110101111 10110010110100010011001111000010001100110101111000000001100110111000011001001110010011110011100110110110011111001100001011010111
11100001111110000011110010100110101000001110101010100101000101010000110011001011110100110111111100110101110000100010101110001000 00001010110011001110110000101110001001111000101001000001010100100101001110111111001111101110001011111110011111000001011110111000
11000001011000100111011110010000001110111111011111011101011000010011110101000101001001001110101101010100100101000100010000111100 10010110011001000101101101111010101110000111110101001110111011011000000000101100011111101011000110110011110001010010011010110010
11000000110111010110110010011110000011110111011000101101000110110000000111011000111011111111011010011100010111011111111011001111 11011101100010010111110011111000011010001111000000000001001110111011001010011000011001110100101010000011111010011011110111110101
00001000011001101100101001011100100011010001001101001110101101100110001000011100011100001110001101011011111001110111000100001111 11001100111000001111100000101101000000001010111011010001100111011010110000110001100111111101000010101111101110000101111110110111
11011011001100111110110001011000111101010111011001010010011011101100010111001000010001110100010100001100100101000111111111000101 00111011100111001101001110011101010001110111101101011001110001100110010000000110001101100110000010010010001110100111110010010110
10000010101110110110101100001110100100001010011010101000011100010110001011000110110001010010101110110111011011000010011110011010 10100110000000100100001000101010110010001111001001100001111111001100011101100111110100101000011010001100100011100101001111111111
11001000101101010111000111100000010001110100010001100011010010010100100111111111111110011111011011000011100001111111000100110111 01011100101110010101101010011011111111011001011101100101110100001001100000100000111111011011111010000100110010111111001100000111
11111100101001111110011111010110100001001100010111001010000011010101000110110110100001001011111110011001111101000101000110011000 10001100100000001001101000110100111101101011111000100010000000101001111011111001010011001010101010100010011100101111010000111000
10111011100111010110110111010010100111001101101100111101111010011101000111011001100100111111101111011110011000010111001100110011 11110010100100111110111001101011110110001000001001100100100011101111111011000111110110101101011101010100011010111001110011011001
10100110110001011000101111000011001110101000100001011100110101010010101000111011111100000101011001111101010001111011000111010111 11111001000111010100001000001010111001001110010100111001110011001001011000100100000111101111110111110000001101000000111101000000
10011011011001000000000010111110111011110011110110000011100100101110011000001001110110100110010011010010011111011010011010010010 00111000001101110111000001100111000111100100010001011110001110000010110001111011111011111011101111010001011001000101011010001000
00110010101011001010111111010100001100000011111101100101110001010100110110100010011011100100111111000001000110110110100100000011 11111110000110010011101100000111001001100111001110011001110100111101011010011011101010010011101000011111001001111001000111101010
01010001011101100001001111110000001001110000101111111001100000010001100101011001001100010110100101000001111111000011100100100100 00011110101110110101111010110100100010000010000110100100000000101111000110000100111100010111101100100110001000101011110011011111
00000001010001101101101001111001000010011110101101000110010001011011010010011101001001100011010110011010111110110001010001100100 10101111100111000011110101101011011111111010101101110111010010001110111111011011010110001110111010010001010111001101010110101010
10000100101101100001011000110010010100001011000100000001001111001011101100000001100001111001011101110010110110100111000011100001 10101001101110011100000000000100100011000111111111100001000011010011100000110011001111100110000010110000011000001110000010001001
01100001001001011000110000110000000011100110101100011111101000101011011100101010010001001110111101101100000000100010010011110001 10010000000000001101110101101111001000000001000110011101101001110010010111000000100001011010111011001000000010000111001000011001
10001011111010101010100110111101010010000110110100111000011011011011000110111010110100011001011011000100011101101000010011111011 10010111111001111011101111001100110111011011001100110011100010011001000000111111011000100010010100000001011110110110011100100000
00111010110010111010011111000101011110100000100011000010010100010100110000100001111001000110011011011001010110010001010001011101 01000111011110011100010000101111101001000110001010001001011111101110010100011010101110000001101111111111011101011010101110111011
10110110001110000010100000101101000011010110111100100001010001010010000001110110011011100011110001001101111010100001000110011001 00110000111000101010011101010001101001001110001000010011100000100010110110011101111010110010100101111001000100011100001011111001
00111010001000001010001010010011100001001010011100110000100101000110101000011001011111011101111011101110110010101000000000110001 11001111110001011110010110101111010111110001100011001010110111001110011011100000101001000010010101110100000001101011110111111110
11101101111000000110100001100000000000011011111011001110000011101010111111010001010000001111000110000110000010110101110110000000 10100001011100010110000110010011111001000110100100010110000110011111001010001111101110000110000101100110010001000101101111111010
11011011110100110110001110111100110010011111001100111100011110000011000110010111011001011001111001101101110100111101010101001110 01101111110000010110001101111011000111010110010000101001101001010010010000110011000110001010001110110110011110101101111001101110
11100110000011110010011100101001010011101100100101110111110011110101001111111101000101010110100000001100000001100001011000010101 00011100110100000011000101001110001101011100100011010110111100101011111100001010011000000001100100110110111010000000010001010001
11011110101010100011101011100010110000111101110001010110110111110000101001001100111000101101110011111100000011001011011010010001 11011000011000011101110101101001111100011110100010010110101010000110011110111111111010101111100110011000001000111011100000100010
10101100000011100001000010010011001100001011111010100110000110001011100111001101111111001001100011110001100011111101011110111100 00010100001010010010110000110000110010110101110110111010010110011110010001000000100001001010010101000101100000011001010111010010
11001011111010010100010101111010111101111001010010110000001001000111100010111010100000111001101011011011010110011111010010100000 11100110100110111000000101001010010011100111100011000101111110101101110110111111111010110010101000001110110000111000000101111010
00000011011111010100110010111010101000111101000011001110000001010010011011011110011001001001111100110110100111001111100011111100 00110110110000000110011101101101001110110011110000100011010010001010010010011010100101011001100011100100001100101111010001001110
11110000110011100101110111000110111011101100100101010110110010001010011011111110000100000000100011001111011010100001101110100101 00100010100101011011010100011010000011000100111000110110110101001011010000001101101110010111101110101010011010011010110100101000
11111111010001101100010110010001001011100001000011100000110010110100011110111001001100110110100001000101110101111110100010100101 10100010011011000011101110101001101001011100100100011100100101101100001011111101010111000100011000000111111101010111000111101000
01001111011111011011110000000010101001010001001110101011011111101011110000100111111101110011111000100011101010011001010100011010 10111111010100010011000011100111100011010101101101101001101110001011011010001110101001000011000001001000000100110111000011100110
00011000010111001010100110010110101111111000101100100101000010100010111100011000111010001111111111110101000001101110111100100011 11010100100110110001110000101000111101100100001001110100100111011101011110010110001001000011011011111011000101001100111010111110
11100000100000100011001000000100000010110000110110011101111101011001000010111101101011011010110110001100101010000010110101010111 00100100000111111000000000110100001111000111100111111110000001101100011110100101100010111111000011111000011101110110101110001101
00000011001101001111011100001000011000110010000100111001101110110101110111110111100001001101001111110110010011100111010111101111 01001010100111001100111100101111110111000101000010110000110111011011001100010010011010101010010001000111110010111000110001001111
11000111100101001010100111101100100010110100110010111010101001010100010100111101010010010000111111011010101011110101110101011010 00011101110001000111001011010100111010001100000010110100001010010101110001010000100100011010110100111001010011011110011010010011
00000101011000000011011001110101101111010001111101010000010110010011110011100000000010101111101111011011100011111101001000000011 10010000100110001100011000110111001000110011111111110100010111101001101110000010001011011010000110000110010000101001000010010000
01001110110111011011001111110111110101011101110111011110000010011110110111001010100110100010110000001000010010010001011000101000 11101011001011111100110110101110111011100011111101101100111111110110100111101101001111001011100000011000101101001001110010001011
10101010110000000110011110110101111101011001000010011001100011011011001111111111110110101100111101100001111110100110100100001100 00000111110011111001101011000001010111010111010110011111110000000110111011111001111011111010111000010110011100101001111111011101
01000111011111111001110111101010001111100101111110111110101100001101111001011101100111100011010010101011100001101011011001111010 11111010000000001010101110000000000100001000000100110001100100010111010011111101100001100101011001011001010110000100011011111110
11110100100111010010001011010101010111011100110010001111110010110001001001010011110110100000101110101001110010100001011110010101 00101100010111100001001110111010001010011100110111100010100101111000110010101001001010101001101011001110011001111100101101100000
01111101001110011110110100111010111000010011011001010000110111101110000001011011011110001011001101111111010011001101100100011001 10000001111110101010110000100111111100000100001011010011110000001001001111011100000110001011110111010100011001011001101011000110
11100001001100001110110011101101100110011100010101110110100111100010011011011011011110111010001001110101100101000010011001000100 11001101110001101011110010110100010000011100100011101010100111010011111011110001010100000011111101100101011011111110001011101010
00100101101101000000101111000010100101101001100010010010010000111001011100100111110111111010101010101010001111000000110100101111 11011101111111101110111100100110000000011001000010110010010101100111011111000101011010110100110110110001101100111100100001000001
11011100111101000011100000101100101001100100111001101010111101100111011101110010000010111111011101001101000001001101100010010111 00111100111000111111000110011001011000101000111001000111011000000111110111101110111011010100111011111010010110110110101011010111
00010001111000110110000111000000011000001111000011001010111101000011010010011000111010101100110000101101110111100111111010111010 01100010111010000101100001101011001100011100010010110001001111011000000101010000000110111110010101001011101110011101100101110010
00011011000000101000100110100010111000100101100010001000100111001010100101100110010001111101101011101000000011001011010001111100 00111011110101000100101000010100000001101000010011011101000111101101101101111100010111011010111001010011110000110000100110100111
01101000101000001011100011111110011101100100101001110000001010100001110110101111000101010001110101011111100101101111001110011101 10100111110100011000010001010100000101110111111011101110110111110010100011111000001101101001011111101110011010111011110111011010
10110000000010110111110110010111011000001111101111000001100010000001101101001011011111011101101111001010000100111110011110000001 10110011011011010110111111001111100101001001000101100110011101000111100011000111011111001001011101111100101010101010101111001001
01101011001000100011100011000101100101101111000010101001100110100000110001101010100111000000111101000011000100001111011000001100 10101000010101001010001010011111000100110110101010001001110011010100100000110111111100001011010000010000110000011101100111110100
10101101111011111111100101110001110000010111100001011000001001011111011001110100010101111101100001110100111000010101110001010011 10001111110010111100100010111001011111001010110100101011100000011011110111100000100100001110010111000010010100000000001010010001
11111110011100111110000100010011010100011011111110110111001000110111011011101111000010101101101101110001001010011110100011000001 10010000010000111101011000001100010011001101111010100000101101111010101000000011010111010110101011100100011011100100111110000010
01001000110010010000101001001110100011010101111100010100111010000101011001011011001010101011010111101011001111111111111101111000 11000100100000111011100001001101010001110000010101010001001110001010010010110000101101100001011100100011001010101001010111000111
11000100101101001010100000110110100101101110010000010010000000011100011111110101011001100111011010011110110000011110100001110110 11110110110101110001111001010111110001000011000111000111110011111001000000001110100001110010100001000001111000000111111001011001
10111001001101011001000001111101010111000100011001101110011111100000000100110100110011011101101010100010111100011101101010111101 11001111000110010001101101000010000010110010010001111110011000001000000000101100001101001101001100001010111010000110000101111111
01011011111000101100010100010101001101011011001010010011101010101010101010111011011111100000010001101111011111100011100001100001 11010110101000011010011111010011001101110100000000011010000010011001111011010000011010111110010101011000101001100000100101000011
01101110010010101110011100011110100101010100111101110011000000111101011101100001001110110011110000010110110011111101000000111000 10000111000101100101011100101101010101111100101101111000001100011100011100110001010001000101011101010010010011111011000011110111
01110100011100010010001101101101011010000111010010111110111000011101001110001000010100111010001110110010011100000111100010010100 01110010100010000010111111010110100110010101110010100110000100101111111100101111001110001101100010011100011000000011100100111110
10101011111100000110000010011110110110000000000000001001010101100100111011101010010011100001010100100000011000101011011110100000 00010100100010110011100111100111111001111111100010001010110010000011001101010010111111101000101100110010101011011100011100011000
01111000111000010011111111110010010011000110110000000000001001110100100110101111001011110110101100101111011110010111011100010010 00100111000111111100110000101100011101011010010110000010100001010011011101000000110001001110100101110110101000011100100100010010
10111010001001011000010000111101001100111010000011111101000001000100111011001001000011100100010110110110010011000101100001001101 00000101001100001000100101110011111000001010110101010110011000011000000100110100101001000110011011101110001001100111111111011011
00101010101110001100100111001111110100001011101101100101001011000101001000011010000100010010111111000111010101010101001101001001 00011100101110000001011011010110011111001001000010101101001000011111000110111011100110100110001101111110100010001001111010100110
10011001100101100110000101011101010101100011100000111110111000100101000100010010100011101010001011101000111001111110110110011100 11111110000010010110101011001001011100011100110110001111101000001111011110000001100101010101001001010001000000011110010011110100
10100111010010000100111110100100110000000111100010000101001101001111101011110101010000100111010100111100010010000001011100001011 00110111010000100110010010100011000111111011101001011011000111001100111110111111010001110011110001111010110110010101001110011011
01001111001000111101101101110101111110110110101111100011110101001010010110100011101101110110000001101110100100011101010111110001 11011111000110010000001001001011010101101111011111011110011110011001001000010111011011111111111010101010101101010110111001010100
01101110110000101010010100100100011010111111010110001110000011101111111001000111111001000001100010010110110111110011000011010010 10011110011000011000000100111011100100011001011110111011101110011100101000000101111100110010010010000110011110010001111100011110
00000001100001100011000001101000000011101010111101011011011011010000100011000100110001100001110111111101110101010101000010100001 01110101001011000011010010000100100011110010001010101111110110101001011110000000100111111100100110111010110011100001000010001100
01101100010101111001110000000101100110000101100110000010100001100101110110101100001100101101000000000000101010111100100010010100 00000100101000100101101111110000111101010111011010100011111001001100011101010101110001010010111111101101110111100001111101111111
00101110111100100111110001011011000111011100101001010000100100100010101111100001111011011011110001011000101001110111001110000011 00011110001010010010001010001000100111011001101100110010111100000111011011110111001111010111101000010000001110100010100010011011
01110111101110011100101101101000000111001110011101001101011101101110110011101011010101000100000111011000111010100101001010000010 00100011100000011010111111011000000111011110101000100110110100110100101001110111111010011111001011100011111010001010011101100010
00100111101101111011001001110101101011001101010111101111110100110101010010010010101011001000000111001000111111001010110100001011 11111111011010111001011011110001101011110100111111010101101001011101101000100101110100001101000111110000001000001001100011110000
10101001111010110001000110100110000110011101001110010110010011111101111011000100001011000001001000111010011000000111101111101101 10101011101011110100001110010000101010001110101101111110111010101000001000110100100000001100100111001101100011100100001001100000
00000000110110011111101110110111011111101110000101110100001000000100111000010010001111101000010100100100111011010000111001100011 00111111010100101001111100001000101010000010011010101100011011011110101001111111001101001101011100010011111110011111110010000100
11111100101111001010010010011110011101111010011011111011110100010001101000110001000010110011101100110101101001101100110011100001 01001000000011110010100111011101101110101111100010101010100100110101000011010110110011101000111110110011101010000011010010100001
11110011011000111000101011100010011100110101000100110011011101000000101001010001100111100111100010011000110001101111100000011111 00111110110111010100100100100110110011000010111110110110001100101011110010110010110010111010000011000010010011011011100001100010
01011001111001110011100111100111001110100011100000100000010001010001001011011100011000001001010101101110001110000101000001000101 10010101111100001000010100010010001010000001011111011100110001011101100110010001000100110001110101111111011001101110110001101100
00000101100100011100010011101101000010111011101110101111000001010100111111000000001111110010100011111010000011101000010011101100 00001101100101101100011011011111000000000010000111110110001000101011011111010001001110101100101000001010110111011101101101010000
01110011001110001100000100011011110011100110110100100001101010001001111110010011100000001110011110000111000000010100010110000110 11100110010010011111010001001010001010001000000110110101010000011111010011011000101000010001010000001011111001011010010101101111
00100001010011000100001000111110111110111010000100101111010010100101000000001111101101011010010011111000010010110101011101111110 11010100101111110111000001000010111010001010100001100101110000111110010000011001101111011101111110000001011000011100011010100110
10010001001111010001111011001110100001001101010111101100001101111111100101111000010000100000000001000111100000010001110010010010 00011101010001011000000000000011000100101010100000101100000101100001000101001101101111010111010111101010010010110111101111100100
00110010100001100101000110001101101011000000111111000001111111001111100010001111000101001111000101111011101000010101000111000001 10011011111111111011101110100000110101100101100001101110001111100100010000100100100001010100111001111010000101000100010000001100
01111001100011110010011101011100111011101010110000001001010111101001100011011011000111011011111011101110110000100101000110100111 11010111010010000101010100111001001110110110111000111100001010011100101000100110000110100000100110100101010110010110111100010001
00010000100100111000110100100010111110101100000011010010010111010101010011111101111001111110111010111111100010101010100111111100 11010100111101001010011111000010101010010010110011110010100001101110110101001011100100111010101101010010111100000010010100001011
10011110001110001110011000000000101110111101010011001000011010101000111111110010001011000100001111010101011010001011001001011001 00001001101011010111001100111000001111101101111010000010001001000000111100111111111101001111000011110110001111011000001001010101
11111010101101000010100011010111010111101010001001101110011101000001010111101111110000100111010011001110100101101100000010000111 10011010100100110111011110101101000100011111111001000011010110000110100100011001101001111101110101001001001001001010111010001000
10000000101100110100001010010101101100100101110010011011001000111000010000010001010111011111001010111100111101111101011101100010 00010011010001111101110111001001100011000001111011010111000011101010001010011101010011111001010011001010101111011110111001011001
10110010101001011101111100101111111101010110110100110000111110001011010101011001110101001010001100111111010100101000011110110010 10111101011111110111101110010101011101100010110101111001011101100000010011110001010010110001010100110111101111000011000010101101
00001100010000110000010111111101000011111001011110100001101101000010111101011010111111110010100010010010100011011010010100110011 11010011000000101111110111011110111110101011101010111000010010010011001011111001111110001111101010011010101011101110001110001111
11000011110010110011110011011100101101000101110100100000101001011100001010111100111001001101000001100100100110110100110110111100 01111100110110001001011001100100111100010100101110110010011000001000000111100111101100101001000100101110100001111011000000101111
10001000111011000111100101101000101111000111101111100101011001011001011101101100101110111100111101000110001100011100000110011101 10111100100110111101100010001101010111100010000001000001000001000101001010001110110010110010001101010110110110111010001111100001
00110110000010110110111010111101100100110001010000101100101011110010011101110101110000111011010010010000100111110101100110111101 00111010111110101111001101001110011100000001000011100110000100001111101011100110111110000010011100011011000011011000101100010000
01000110100101101011100100110000111001100010001111000010110011011001100000001000010110101101100001101000001011111110000011100001 01100001100011000010001000100100111110101101010000110101111110010011011101001101110110110100000010111101010010101001100101100011
00000100110100100111111010011100100110110111000001000110000001101001100111001111000100100000001110011111110100001011100111110100 01111100101111001110010101110001011101001110010111111010100011000011011111101101010110100001001001101000001110010111000010000101
01001001101101110110000000111110001011101101110001100011100100111101010101011011011011000100001101011010111000101001001101010101 10001111001110101010101110111110101011110100000010001010001100100101110000001100010101010100011011001010101111110111000101110100
01110011101001010111101011000001110111110100010101110100111000001100100111001001001101111101010110011000111010111011000001001101 10001111100001010101011010011111001000111100110000000101011110000000101110001100011110100111011000001000110001011000011100110101
01101001001110000011000000110111010010110110010011011000001010101010110111000001101111011011100010111011110000011101110101100101 00000101100010111001111101001001100011000100011010100101111110010101011110001100011100010011100000100010111001001101111111010111
01100000101111111001111111001001010101111001101111011001000001000010000010101001011110101011100001110101001011010000010101000100 10101101101011101001101010011111110011010000010010110011001101000111101100101100111011001001010011101100111011000010110011000100
10111110011000010110100011010110000111110010000111011001000111111111001101100011000100010100111010011100100011101011101100000011 10000000111111010010111011000111110011101000110111001001011110001011110101011110010101011101000111010100000100001101100110110110
11000111011110100101100000010011000001001011101111001010100000010101101000010111111111001010010101011010001101101011100010100111 00000111000110101010011110101000000010110000001100101101000100100001110101000010001010010101011101110010011011100110110011101100
00101001111111010010011110111001111100000100110110101100011011011000100010010011000111010010101001000010000010001110000101001010 00110101000111000100001101001010010011001110111100001100111110110011110011110111111011101001000101011111000110111111101100101000
01010110011000110001010100001011100101001100100000111111010100000001001010111010010111110011010101001100100111010101010010011110 10000100101110010011010001010010110000101000011001110001111010010000001101011101100110101111011010101001011000100100110101011000
00110000111111111010010101010001010001110110010101000101011010010110011110110101011100100001001110111000110101111000100111100000 10101010011110110010001101001000011110011000001010101111010000000011010000001010101100000001101110110000011111110101000011001100
11001100101011000110011011110101011011111011100111101100010101001001011011000000000010001101101100000100010001010010000101001011 01010111110000110110000011001010010010001011001111001011110001001001010011011000110110010111011000111111001000011100111001011100
01100010111000110111101101110110110011010000100110110000000001001101001111100000101100000011110000001100001100001100110010001100 00111111000100010111000100010111000011110000100010011101000011111111000011010110011100011101000111011111100000111101000100010011
01011000110101100001111100011111000111110101000100000001111011001111111101111000011111110000111011000101101011110101101010011100 11011101111101010001111010110010001110111001101101010100100000100011001000011011011101000110000101111011010011010000101010011111
10001110010000010110101110110001011010100010010000110001011110100000100100111010010110100110011011010011101000001011010100101110 10010011000000110110000111111110111100100011000100011001010101010110011100000111000100010001010010010011110010010001101100111111
01000111010001101100111101010001110110011010010010011100010111111010001001110000111111111011111100100011000110111100100110011111 00110101010000011110110001110111110100011011101001010011011010011000011101111011001001001011001001010101101111111110010010010101
10000011100010100000001001000110001111110100100101001000001000011111100111000100010110100000011111001001100001000101011000101011 00111001101100000100110011110111000110001000010001101000101111110001111001111010101101010100010100110001111010111000011110011100
10111101100011101101001000111110100011101001111000000011010101000100111011100001001100100110000111001001001000110111011011101110 10111110001111100100001011101000100010001100001101001111110101101110101000101010110101000101111001100111101011001101111000100001
10011111011011001110100110110011000101000011111110110111110100100101011011001101101010010111100101001001000000010010001100101011 10110111100000000101101001000000001010100100011111011000100001001101010101011001101011001011110000101101101001111010110101000010
00110011000010000111000111101010011101110001110010100011100100110110110101000010011001100010001110100100001001111110001101011010 00000001001001110010100001100101001010001001010111000111111100001111010100010101110111001110100110110001100011001011110101010001
00100001001000100001110111000110001100101100110100111110000100011011001101100101100011111010101100100100111110011010101111111001 11011110011111011011000001010101100001100111011001001110111110101101011001100110000101000111110101101111001100001111010111111000
01100110111111010100111111101010000011101110000101101001110001110001010110100110100101110101010100000101001000100001000011111011 00011111010111001001010110011010000001011011010110110100010001110101100111101101110111110101000101000010010101100010100001011000
11100011100011010000100100010011101110110010100011110101111111011010110101101010100001000001101001011000010001010011001001111101 00011110110100100001000110010010010000010000000010001110000110000101000001101101111011101100000000001011110111110110100101101000
01111100100010101000101100010001100101111010101000011100100111011101101001111010100110100110010111000101100110001111100100111110 11010011011101001010000001110000111001110111011011101100101100100100101110101000011100000100010011100010000011101010110010000100
00000000111110000111110001100110011110101111010001011100100110001011010100100110001011000010100010011110001000101001010111101110 10001101110010010010011000000100110100111110100011011111101010011011100101001010001010001100010011001101101011100100101010101101
01010000111101000110010000001100101010100100101010000111111010101110001100011010100101100100010010111001010101100000000100110000 00010111011011010001111011110101010000110101101101001111010110110000101011000011100110000100110111000111010000000001100101110011
00101011101111110110100110111101010011110111101101011000101100010101111000110111111001010101111001100111011100010011100100010000 11100100001111111011001001110110000001000000011111001000111001111110000011111000001100001100100001001101010101100101100000000001
00101111011001101111101001011110100011011011000010001100111011011100110011001011110110101101000000110111000100110011111110001000 11100110111100111100001100110100001110110010000011011001010100001000010010010000100110100011011110100011100000110101110011100001
01010001111010101111100100000100100111011010011110101101100111000101110000000001110000001011111011000100010100101101111010010000 11011001000101000001101011000111100000000110001110101100001011100010001000110011010000101100100111111101111100101110110111001000
01011100101101110100001000110001101011000110110100101011110110011100110100001100011001111011010001010010111100101100000000011110 11101000111001000100010101101011100000010111000011000110110011011010110101010001001110011001000111101110011110100000100110111101
10010010110001111010010110011000100000110010101001011101101010111110110100101111011111101001011001011010010010001110010100001001 00111101111111101111001001001001000000101100011101100111011110000110110100110100110100001110101101111101010110110101001001001000
01010100000110000101110000100000100110111000100110011010010000001000010011001101011100000000011111110110010010111010110011110011 01001111101011010101100110010101100111100001001101010001110101101000101011000111011001110101100010110010001111011010001000011011
00011101111101000111101011110111111101101000001000000000001010100110100000001110110011011101110101111000111011000101001111000000 10011011101000001000000011000011101011100001011111101110100000100000011000100000110011100010000111110000011100011101111010001001
11110111000011001101001110010011010011111011100010011101110001000010111000001110000010100101010001000101001110111111011010011011 00110001000110011000111110111000010100100100000111110000010111011000101100000000110010101000001100001011000110001110100101011010
00100101101101001000011011000000111011100111110001001100001011110101111001111100000101001001110110011110000000011100001000011011 11110101011110000011110111010001010100110001010100110110000000001000001111000011011011000000101010001100000011100010010100111100
11000011001111111100010001100011001111111101101101011011110010101001000101110110100101000100001101110111000011010101100101010010 00110001010100101111101011011010010100110000101000011000001100110110100111010111110100010111111000000001011110011011100111111100
10000010100111110100001001011100101111010000000011110101111011000010100001010100011000011111101110100011111001011000001110000111 01110001111001110000000110011011001011101010101001000101000010101001111000100100000010100111010010011110111001101111100011111001
01110011011011111011011100010100000011111000011010101100111001101101111100110000101001011100011010001101001111100110110111001100 11111110001000000110000100111111111111011100001000010001010011011011111101000011111011001100101000001000110011011100101111100111
00101001110111000100000001111100110000001100111100111011010110111010001111000111001100110111110111101001110101010001111100100101 01001101010101010010101001000011001101011111111010000101111100000101000100100010010110100101100010101111000011101111000011000000
00000001001011100101110000100011010111010001100011010110110000001001000111000101000000101011011110011011011101101010111010000001 10111001001000101011111001110000011101100000001001001000010110010010111100111100000011111011010110011010010110101110001101110101
01001110010001001100011100100000101000111011010011010000010001001111110110111011101001101110000000101111100001000111100010110011 11111101110000001010001011010100100011011100111110010100011000011010001001010000001000001101001100101011100011101100000101111010
10110111000010111110000100111101010011100010111011111000110001111100100010000001011111111001010100110100111011101011101000000110 10001010000010001011010011001011010100010100001110101000011011001001000001101111100110010001010110000011110100111101001011110001
11000111000111001001101000010111110101000010101100000000000100000001111000110111111001010011001001101111100010111001110010001001 10011101100100010110011001111001011110010000000101001011011110010101111111011110110000000100101001100001111000010110011110011010
10100010001000011100001110110101101101111000110001011010111100111001100001001110100000100101100011111000011011000001011011001000 10001100000101001010010010100001000010110110000000011010001100110111111110110101110010110100100100000110001011101001010100110011
10001100101100001101011100101110000110100100000110111111000001101000011111000110010000111011111000111110001000111000010111110001 00100011111100101011100011100111110001000001010001110101111101010001000100111100111001000001100001111010011010100010110101001101
00110100010111010110000101100011010111110110111110111010010101010010111111100010011111011111011100011111111010001110110011110001 01110001010111001011011111111001010010100001110111001000110001111101000011001001110101000001111110000100110001010011010101000110
01011011011110001010111001100010011001010100111110011001000011001101000100001110001010001000000110001111101000110001000000000010 10001101010010011110110010101010000010110101001111111011111110101010011110010000100111100010011011010111011011000100101111101010
10010100010110001010110011110111010101100001111010100100000101010000001111001001011101001000010111010001110010110110010011010110 11001101001111001111100011011011101101011101101110011101000000001101100110101011111110011100111100110100001010111001011011111000
11011101111101001011011100101100000110100011101101101111001100110011100011111011010101011011111010000010111101111001111001110110 10010110100011100100111100110001101100100010101011010000111111001100010101011010001100110100100100010101111001001111011101011110
11100011100010001100110011001110111110001111111100110011111001111011101011000100001010101000101110011100101111111011111010011101 11110100010011001011011110000011100001110111100111010010111000110110000011100101111111000101100111100100100010111010111110010111
01111001011000010010110001001111011010010011100011010101101001001001000101100000111111000101000101011010010100011111111011110001 11101010110000010111110000100101001101100000110001111000000100101101101101011000101010001101111110110011001100011010101001111111
11110101011110101011110111001011100110110011100111001101010011110001100010010001001011000100110011011111011000000100100011010110 10000011010100101001111110000011001110111010100001111011110000001011010101101111110010001100101111110100001010111010111001010101
00010011000100110101100010100010010101000110000001001010100001010000101100001010001011010010101000000001010111011001010100111110 11001101100001110001000010010000011110000011100101110001010110010100000100010000100010010010000011001011111101101110000110011010
10000000010001110010100100101110100000100000101001000100101000011101100101010111110000101100000000110010100110010111101001100110 01100110111000110001001000011110011111011000000001011011010110000001001110111101101101010000001110100000010011010001100001110111
11101110001110011001010111011011110001110111011011111000000000111001011011010110111000010000100010100010010010101100010101001110 00111000011101100011101010011000011101011111011011010001000101011110111101010011100100110101110101000101011000100001101010000101
11010111011000110110100110111111011011010110100010110100000010111000000011001110001100010100101000100011010001111110011111000011 11101100111101001101100110000010101010010110001011111100101111000010110011101100101111011110011011100101110101101111110011111100
1111000001001000110001011010001010100111111011001101100000110 0110011110101001100100011101101001000010111100111001101100101
1111101110010010010011010010111111100101000110110111010101011 0101010100011110011011001100001111101011111111100111011000011
1010111100011000001101101111001111000011011000010001110101101 0011010110100001010100001001000010001101110001101001000010010
0011000011001110000000001111000100100000011010100111111000110 0000100100011001000101111000010001000000010000000000001000011
0000110111110111110000011111000001110000110110001001101001101 1011101110010010000100110110001010101100101010000100110000110
1101000000110110000001101001011010111100100000000101011101001 1111011100011000110110110011010101100011010110111011101111011
0000000111010011110111100101110010001011101100101100011011011 1000101001011011010111000001001111011001001100110010011010100
0011101111110010111011001110101011101011100011000001101111000 1111100111110001001101101000111111010110011000010101000011100
0101100100000010011000111010110000010111100011011101000001100 1000011011010010111010010100000010111011111101011110010111100
0101111101110000000010110101001010100101101011000101110110110 1100001000101101100111011000010101010110010010000010110110101
0000101101100111000100001100111111010101010011011010111101101 0000001101000000100011110100111011100000010101100011100100101
1001111101011001110011011011110101101110111010000000100011010 1000100100101011010100101101110100101101110001000111110011000
0001011111101111011111011111011000101011000110010100101111000 1000101000100110000001111110001000101110101001100010000101111
0111100001010001100000000010100010001011110010100000000011001 1000000011100110011000011110011100101011010100110110111111100
0000110100010110110011010100110011010011110011011010101111001 0000011000111010001100001101111100011010111011000010100011011
0010111111101011110000100110010111011011111010001111110000110 0001001101000000100011100111111010000001011001100010011101000
0010000101001100001101010100001010000101111000010110101111011 1110110111110010101010000000100110110010000100101001100011111
0111110011000000111100101111111000111001011000101010010000011 1001010110001100101000010111001111011000100110001111010010100
0001101101100010011001111100100111001100111011000101111010010 1111101100100001101110011011100101001010100110000100110100000
1101101010010000001110110000100111011101101010010011101000110 0011101010101011111111100001000010000100000011001101101111111
1010101110101011110011011101011101110001011111000010100100111 1100011000110001011011101001000001010110000101100111100111111
1011001101101100100011011010010001111110010101110000111101000 1111111110010000110110110110011110000010000010101011101100001
1010000110001001010101100111011101000100011010100001101010101 1100011001101100111001000100010110101110001100100010111100100
0001011100011110010111000110011001110001100111100000100010010 0010000100001101000110001000010000101011000100100000100101000
1111001010010110011011001100001001000010010100100011100000110 1110110111001000001001010110111011011001011100011000010111111
0101111101010100111110111111001100010010101010110010010110001 0111111000110100101100110011001010110001001010010111001011010
0111101011111111111111100011001001101001010100000000101011001 0101110101011010110010000000101101100011110001110111111100111
0100010010011111000010000111100000010100001101110111111010111 0010010011111110010000001011010010100110101010000010001110010
1101110110111010000000111101111111001110111110011010001111010 1000111100000100000100110010111001010000101010111111100110001
1001010001110010100001001000010010101001101010011001101001001 1101100101111101010110110100100001001010000001000100111111111
1001100100100011110011111000001001001111110110111101010000101 0011101001101101100110010111110100000011001111001001101110010
0101001110011100010101010000011101110011111010000110101011111 1000001111101001011101100000010101000001011101110111110001000
1011011100100000101101001110100111001101000001001111010101100 0101111101101001100100101100011010001110001111010011000111010
1000110010011010000101100010100001101010000000101111111001110 1110010111111101111000000001011010010110110010101110110001100
1111101101110110110011011010111110101100110101111000001111010 1100100111011110110110101010101001101110101001101111110011001
1011111001001000110101100111111100011001010001111111111000101 0101001010000000000011100111111111001100001111001001100001100
0001010001100101100000101111001001000111100000001111001001001 0100011000110101101110010010010010110110110011000101000101001
0111110011101011110000001011100000011110110111000001011100111 1100110000000001110010010001110101001001100011000101010000001
1001001100101100101000101010110111010001001100000110010001010 1101001101110111001001100000001010011000001100011101101110110
1111100101001010010011100000010011010010101110100110010000101 0001101111110001011010110010010100101000000111000011001000100
0011001001110110110000011100110110111100010000100101010100110 1111100111001000001001100110001101101110001000101111010000001
1010000000000001101001110100110010111110111111000001011010110 0010011101011000100010000000101100111111111100010100100000010
0110101110111001100001101101101000100011110010101101111000010 1000101111011101100001000010010110011010100110110010000100110
0001100111010000010110100101100000100001100100100110001010000 1001011001001000011000010101100001011100101010101001001101011
0000000011000011101100100011011011100001111101000011000000010 1111010000000011010111010010100000111100111101000011000101011
0010111100110011001010010010110100001001101111010001110111101 1110000000100110011101101011111000111101101110110001000100000
0011111000011111011100010001001111001111111000111011011010101 1111010010111011011011100001011100110000001111001001111110100
0111111011001101101011100100010011111010001011000111000001100 0001010010000110110000011111100101101100011100011111101000100
0000010000011011011000101011110010110111011101101101110101010 0001111001111111111110000011110011101010011100111001010100001
0011110000110101011100001011110100111000100011010011100111111 1111011011011110111110000111010101001111110010100101110001000
0001100100000000001110110101000110011010010111101110011111010 0110111010111000100110010100110110101111101001111000100100101
1011100011110000111101001000100110010101111101011010101010000 1101011111101100111001111110000101101100010001111110001000000
0100011001101110010010000011101000000001101100111100101111011 0011100011010111110000010101111010100010111001001100001101001
1011010011111001110100110110011101010111110101100001111101001 1110001010100101000110010010101011011010101110001010110001100
0101000010000111110011110110010010000000000011010011111110010 0110100001011010011100100100101110001011000001000010110110000
0101110010011111111110111111101010010110110111111010101011111 0001011110100110001101111111011101000010110111100000101011001
0100011110101101100001111011110010101010100111111000001101100 0011001110000101011101000001010100001111100100101101011111111
0001001101100111110001100001001101111100110101001010000010110 1011010000101101101110011000000010010001011000011000101110011
0101110011001101001011100100101110010101111000100011100111001 1011000001000101100111100011000111011010001101010010110101100
0111010111110010001110100011000111110110011101111000011110100 1001010010010000110101101111111111100000000100000011000100011
0011100100101110101001100011100100100110100110000111010111001 1111001110001100011100110010000110101001011000010010101110101
0010101100101111111100100011010111011101000011100101110110010 0111111100010010101101101010000111100011111110000111010110100
1100000111111101011111000111000000101000010101000111110011011 1110001111011000110100101011110110110101010110011000000100101
0110011110011101011110000010010010010001011010010001100110010 1011111110100110010010011110101101010011110011110010111101000
1110100111001100001111011110000101001010011110010000000111001 0000000010000111100110111011011111101101100011111111100110011
1011011010100010101010011010010011011101111011100001001101000 1011010011100111100110101001010000110100001101111001001110111
1011001000010100000000101110111011100110111011001000010000010 1111000011101100011010101011110110000111011101100011001000001
0100111101100101110110010000011000101111010110001010100101000 0101111000110101000001110010010011000111110110000100010011100
0111101100111110001111010110001111110101110001000011010100011 0011110000100110101101011001111101011111110011110101100000001
1010111101011100101111110111101000001011000111110000001100101 0101101100100011000100110011111111011100000110000100010010111
0111001111000010010111111011111011111110010011011110110100110 1111000011111101010111110101110110011000001110101100011101110
0001011011000001110101100111001100110100111110010001000010101 0110011100100101100101111101101101100011010110001101011101010
0110111101001100001001111101000000111011110110011100100011111 0001000111111110110111100000010100001011001001100010011001110
0101011010001001011001101111011101001010111000101111010110111 1010110000100011100110001000001001011111111000010000010111011
1110110111001100010100000101000001101100100001110110111111001 0111110111010110101101011010101100001000001100001010010010010
0101101111001100011011110100010100111011101111010011111101000 0010011011110011101010010000100110011100010000001001100000000
0000101110001011011010011001000011001101100001111000100110101 1010011001101011001011101010001011101101000010001100000011100
0000001000101001010000000100111111001001100111001101001111001 1001100101001110111110011001110000011010011011111101111000001
0011010011011101011011001110011001001101001111000001011110010 0001000010100010100100010010010101010111100111111000001100101
0101001001011111000001101001101111010111110000000000100110111 1100001111011011111000101001010000101100001111111000010111100
1010101110110100010010110001110000111101111010100001111100111 0000101100100010110110010011010010111001000000000011001110111
1101100000100111110011100010101100000101000001001100100001011 1100011011010000011001001000111111100101100110000111010010101
1011000011110001010001100000010110000101011000101011100111000 1000011101011001000100110010000111000100000101000100111011100
0101111001100010001100100000101010110001111111011101011101101 1000011010001111001000101001110111100010000111110100011110010
0100010001010000100100001100100010010110111100100010110011011 1111101010001101111001011101011001100011111101101010111101000
0001101110011111011001111111110110111111100010100101011100011 1000000011100111101100110100010111100111111000100110101100100
1100110110101011001001010110110011000000001001100001110000011 1101010110110011010001001101010010101011101100010101000111000
1100011110101110110001100111011011110110000001101011111011001 1111011001111000001010011000010000101001111011101101101001111
1001000101000010111010000100101110110100000110101101111100100 1001101101010010001111001100010000100101010110111101010111001
0010000000110101100100101111110100000001111010010011000000110 1010110101011011011011011011001111011111111110011000000100100
0110101110010010101101110100000100111011010010111011001101111 0010100000101110010111001010111000000101101101100000011101001
0110101110110001101001001011101011010101010111110000011101011 1001100010001010001100010100101010000011001011110101101111100
0110100000101101100001001000111110001110101000110100000100100 0110011100000001101011000010000001000001010011001101011010111
1100001101000111101000010100100000010000111000110011011100111 1101101011000011110111011011111011111011100000110011011110000
0000011011011101001001011100010010010101101001000110011101000 0111010100110110111101101011111111011000101001010001011001110
1010100010101101111100111000111110010110000110110011000111000 0101000110000100110101001101011100101110111001011100010111011
0111111101000101001011011111111010111100011011010100000011000 0100111001100110000101010110011011010001110101001100000101001
0010100111000101100101010010011000100111010111111100100011111 0011100110100100110000100001110010111000011110000100101110100
1101000101011011011001001011011001101001110011110010100111001 0101010001101110100110101100101100010111001001110110110001101
0010111101000100001101010000001000101111000000110010000001001 1001000001001011110010111001001001111010000101010001000011110
1110111110101000001100010101110101010000010100010010110111010 0011001110000011101011101010110100000100001000011010001111010
1101000010101101110011010111001011110011100000010001001101101 1110100100110100100111000111010111111100001011110000100110111
0011111100110001000010001101001000100110000000000010001101100 0100011111110011001011010011010101110111101011001100100011010
1101001110101110000101010001110001001111001010101011111001011 1100011101010000100100101000110011010100001101101010100110001
0111100001010111110010100100011100000111011110111111001100011 1111100110111010000010101111010001011010110100011001011111010
0011110111010100110111010100001010011101011101110001111110001 1110000001011000111100111110111001111000111100001111100111011
0001000001111001010101100011001100101110100010101011000010000 1100010001110001010110111010100000001001100101000110110101000
1000100100110010011110101111101111101110000110000110111011010 0011101011110001011010101010011011100100000011011010110110101
0011111101111001000010011100011011100101011010010011010111010 1110111110000010011100000000000101110101000011001001001010110
0100101100110000001101000010110111011010101010010101010000010 1011010000101010011110011111010100100110111101010000110000101
1010110101110101111111000011001011110000100111011110011110101 1011110000000010000101101101001011010101000001000010011100110
1111110000001001010000110001011011100111001101110101110000010 0011001010010000100111010101101010000010010100011010101011001
1101101101100101100011111010000111010011111100111011000001101 1011000010000001011010101010110011110101111110100111000000110
1011100011111111101001010011100011101110001100100011010001110 0000101000011111111000101110111111000110100100000100011001000
0000011001111110110001100011011111101101001100111010101100101 0111101101101110011110100101000110010111100110100010101111010
1010011000001001110011011011101111000010011001000100010001011 0000010001100101001011101010101100001100101011011100110001001
0010011110110000011101111101101101100001011001010010101111011 1000000101111001010001011101111000101010110011100011000011011
1101111011111101010110110101100110000011011111101011011110010 0010000001011000011000110010000110000000110000101010101010000
1110101111101101011011111000110000011110111111001000110001101 0110000111100001010101001010100010001011101100000100101100010
0000000010101001011000001101001011100111001110111000101110011 1110110000000101100011110101110110010011011101000011101011001
0000010110101001001010000111100101111010100100101001110011000 0001111110101101001010001001111100000100001011000111010100000
1101001001100011011100100000110110000000110101001011101010000 1110000000000101001010001101001111101110101111110011100101100
1101110010011011111010011001011111011001100010001100000100111 0110101001101000010010111000100011011000001110100010000100000
1111011000100110101000101101111001011001100001011001101100000 0101100110011011111101001000001110011110110000111101111011101
1111010101010000010110111011100000101011000110110011011000011 0101111011111010000010000110011000101110100100001010110101100
0000101001011010101000111100100101000100110111010000000110000 1110110111111100101000011101000110000100100001100010110101110
1001000000100100110100110100101010000101111001011111001010001 0111001000101010010011011010110010000110000000000011000010110
1100100111011000100010100100001000010011000010010001000010001 0000110000010101110011110100100001010111001011010000101110011
0100000000011010001101111010111010101000001110001101000011111 1011100001001111011001010111101011000111110101110111010000111
0010111111111011010111101111101111010001010100010111110011000 0000000100000111101011110000101011000110010101110010010101101
0100011001001101101101001011100001100010111100001001010100110 0011000110110110101111010110010001001000010111011010111000000
0111100010100101011100100001010100101011111101010011000100110 0110100101111101101111011001000111111111001111101001111110001
0101001011110000001100001010110011000111001100101111101101001 1001110010110111000000010100111101011111101011100010010110110
0000111001110001101001111111110101111111110001101111101011011 1011000010101011111101001011010010010000110111100111110001010
0011000011100001001011011111000011110000100010101110110000100 1011011111001000100000000001111101001001001010110001100000100
1001111011001100000011011011110110101111110110000100111101001 1001000100011010001001001101111111010010000010111011010011011
0010010011010101000100011111100100010001010100010010001100011 1011110010001010100000011110111010000011100100110110010001011
0000111010111010101101110100111001101111101000000111110010001 0110110110011110110011110001011111000101010110110010000011011
0011001001010110101101110001001011101100011100110100010111010 1100000011101001010000100000111100111000101001111101111011001
0101101111011101110010010001110011011001001010101111010011111 1111000001101100000011110000001111010001001100101110100010110
0011101100110001000101011001101001001001000100010111101010111 0010111110011000110011101011110100011000011001100011111101001
1101010000110000001001000100010110110010011000100000000110001 0001110110100000111110010101111011110110101100111101001111110
1110111001010101000111110000110101100001011101001000111000101 0011101010101100101101000111100110111111000111001010110101101
1111111001101110111000000100011011110000011001101000100111011 0100100011000011110010110000110101000100011111001011011010110
0011111010100011001110100011000110011101010110110001001111101 0000000100001010011101110011011111101110100000100100101111100
0010010000010100010000001110111010000101111110110010001010100 1000010111110010101010010110100101100101110000000011100011011
1100001111010011011011001101010010100111000001110011110110111 1111110100000100011100011011111011110011010110110001110010100
0010010100000000010000101111011100101111110110100000100010111 1100100100110101101100001011001000000001010010010000000000111
1010101110110101011101111000011011110100001101110011000000011 0111101111011101101110101010101100100100111001010101011001001
1100011111010001100110110111111000101111110110101010001000111 0110110111000000101011001011000110001101010011101010100010000
1111101000000110110001100100111001100111011101000100011100110 1000100011001100100111100111101101001000011011010101110100100
1010010011100110110001110100000000011010000011011110001100000 1100111011011101010011011001010101100011010011010100010001101
1101000111111010100111100001100001001110001000110000110000110 1101010011010111111111110100101101000101110011010000000101000
0101000100001110010111101111001000001011111111100111000000111 1001000011000100110100111011010110011100001101011101000001010
1010101100111110111110001011010010101001101101100111011100000 1001100101110111010111000011100101000011010010001100001010011
1010011001011110100101010010101110100011011100111100011100010 1010100010010101111000010001100011100000001010111000111111010
0101001001010100100011101001010101010001111110010010101000100 1000100100000000011110010010101010010001101101101110010100100
1011001100010100000101111011000110001100110000110111011110000 0110011110111010110101100111111000110111110101010000010001010
0111101110010101111100000111001011000101110000111100010100001 1001010110010101100100010111010000001110100111111111101010101
1001000001000011111111110011001101101101101000000101011010011 0110011101001100110110000000101000010010001010110001010001111
1111100010010010001110011001010000001100111001100000101010110 0101100111001110010110100110010111100010001100001100001010010
1000111001111110101010001000001001000111000011101101001100001 0000100111011111110010111100111010010000010000110101110000110
1011011011011010010101010010000000011000000011100000111101001 1001110010110001101101010110101111111111011111110000111011100
0011101001010100001011110011111000011001001010011011010101100 0111101110000110011001100011010111100110010000100011100111100
1110111011010000010110000100010111110100011011110000110101110 1100011111110110100100010110001010001001010010010111110001100
0110111001110010111011110000000010110111010110000110110100110 0001011111101101100010010110110000101011100100101001000000100
1001011010111001010101000111101100101100110010110011011000110 1111111000110011001000000001000000110000100000001110101101100
0110101011110000010110101011001011000001001011101100011011110 1101101011001101100111100000110100010011011010110010111111011
1000000111010110010101010110001000100101010110010010010110110 1111111001100010010010011011010101011001000001000001000000001
0111100110110111000110010000011110001011010100100011100111011 1111100111100011001111011001001110111001101010101010111110100
1011010000101110100010111110010101011110111101110011010110110 1100101000111011001011110100011101101001111101100101001111001
1000001000111001110001011111101011011100100111000010111001100 1100111011000011110111110101011000101000111101001001101111001
0011101110110111110011110010111001000101010001000110110011111 1011100101011010100100101110100110101001000000110111011111001
0001010101010011011111011111111010011010001001001100001001010 0111010011111111110000001001110010101100100111100010010010000
0101111100100011111111001110111000111010001101111110111110000 0011101100010100100010111100110111100101000111001011100110110
1011111000111110110011110111000001010010110001100110010111111 0011001010101010010111000111001011000111011000110000001001101
0110101001000000110100001100101010100000001110011111111101001 1111111000011101100111010100100101011000000110100001001001011
0001100001010101100010100110011010000111011011100010101011111 1010001011110010001101111110101011111001101100011110111001000
0110000111000110010110011110101011101101000011100101010110101 0000110100111000010111111001111110000111001110011100100110010
1111010111011111001100111001100110001101101111001011100001011 1110110011111110001110100100001010010110011101001000000000100
0111101110101010101011101011010101000011100110111000101110001 0011100000000101101011100101000010010011101101110110110110011
